20161216 1 1 -2 -2 0 0 0 0 0 0 0 0 0 0 0 0 0 0 0 0 0 0 0 0 0 0 0 0 0 0 0 0 0 0 
20161217 6 6 -2 -2 0 0 0 0 0 0 0 0 0 0 0 0 0 0 0 0 0 0 0 0 0 0 0 0 0 0 0 0 0 0 
20161218 8 8 -2 -2 0 0 0 12.500 0 0 0 0 0 0 0 0 0 12.500 12.500 0 12.500 12.500 12.500 12.500 0 0 12.500 0 12.500 12.500 12.500 0 12.500 0 
20161219 4 4 -2 -2 0 0 0 0 0 0 25.00 25.00 25.00 0 25.00 0 0 0 0 0 25.00 25.00 0 25.00 0 0 25.00 0 0 25.00 25.00 25.00 25.00 0 
20161220 7 7 -2 -2 0 14.28571428571428571428571429 28.57142857142857142857142857 14.28571428571428571428571429 0 0 0 0 0 0 0 0 14.28571428571428571428571429 0 14.28571428571428571428571429 14.28571428571428571428571429 0 0 0 0 0 0 0 0 0 0 0 0 14.28571428571428571428571429 0 
20161221 19 19 -2 -2 36.84210526315789473684210526 47.36842105263157894736842105 36.84210526315789473684210526 31.57894736842105263157894737 21.05263157894736842105263158 26.31578947368421052631578947 15.78947368421052631578947368 21.05263157894736842105263158 36.84210526315789473684210526 26.31578947368421052631578947 15.78947368421052631578947368 15.78947368421052631578947368 15.78947368421052631578947368 21.05263157894736842105263158 15.78947368421052631578947368 10.52631578947368421052631579 10.52631578947368421052631579 15.78947368421052631578947368 15.78947368421052631578947368 21.05263157894736842105263158 10.52631578947368421052631579 15.78947368421052631578947368 10.52631578947368421052631579 21.05263157894736842105263158 5.263157894736842105263157895 15.78947368421052631578947368 5.263157894736842105263157895 10.52631578947368421052631579 10.52631578947368421052631579 0 
20161222 194 185 -2 -2 38.91891891891891891891891892 24.32432432432432432432432432 17.83783783783783783783783784 15.13513513513513513513513514 10.27027027027027027027027027 11.35135135135135135135135135 9.729729729729729729729729730 11.35135135135135135135135135 6.486486486486486486486486486 8.648648648648648648648648649 6.486486486486486486486486486 5.405405405405405405405405405 7.567567567567567567567567568 5.945945945945945945945945946 7.027027027027027027027027027 8.648648648648648648648648649 6.486486486486486486486486486 8.108108108108108108108108108 4.864864864864864864864864865 6.486486486486486486486486486 5.405405405405405405405405405 3.783783783783783783783783784 5.405405405405405405405405405 5.945945945945945945945945946 4.864864864864864864864864865 3.783783783783783783783783784 4.324324324324324324324324324 4.864864864864864864864864865 5.945945945945945945945945946 0 
20161223 289 206 -2 -2 40.77669902912621359223300971 22.33009708737864077669902913 19.41747572815533980582524272 13.10679611650485436893203883 10.19417475728155339805825243 9.708737864077669902912621359 10.67961165048543689320388350 10.67961165048543689320388350 8.252427184466019417475728155 8.737864077669902912621359223 7.766990291262135922330097087 5.825242718446601941747572816 5.339805825242718446601941748 6.310679611650485436893203883 5.825242718446601941747572816 4.368932038834951456310679612 4.854368932038834951456310680 3.398058252427184466019417476 1.941747572815533980582524272 4.368932038834951456310679612 1.941747572815533980582524272 5.339805825242718446601941748 3.398058252427184466019417476 3.883495145631067961165048544 2.427184466019417475728155340 3.398058252427184466019417476 2.912621359223300970873786408 2.427184466019417475728155340 4.368932038834951456310679612 0 
20161224 314 177 -2 -2 35.59322033898305084745762712 23.72881355932203389830508475 20.33898305084745762711864407 16.94915254237288135593220339 15.81920903954802259887005650 10.73446327683615819209039548 10.16949152542372881355932203 9.039548022598870056497175141 9.604519774011299435028248588 8.474576271186440677966101695 6.214689265536723163841807910 9.039548022598870056497175141 6.779661016949152542372881356 6.214689265536723163841807910 6.214689265536723163841807910 5.649717514124293785310734463 6.779661016949152542372881356 6.779661016949152542372881356 6.779661016949152542372881356 3.954802259887005649717514124 5.084745762711864406779661017 3.389830508474576271186440678 2.824858757062146892655367232 3.389830508474576271186440678 4.519774011299435028248587571 2.824858757062146892655367232 1.694915254237288135593220339 2.824858757062146892655367232 3.389830508474576271186440678 0 
20161225 316 168 -2 -2 40.47619047619047619047619048 29.76190476190476190476190476 20.83333333333333333333333333 15.47619047619047619047619048 13.09523809523809523809523810 13.09523809523809523809523810 10.71428571428571428571428571 10.11904761904761904761904762 10.11904761904761904761904762 10.11904761904761904761904762 10.11904761904761904761904762 8.928571428571428571428571429 5.952380952380952380952380952 5.357142857142857142857142857 8.333333333333333333333333333 7.142857142857142857142857143 7.142857142857142857142857143 4.166666666666666666666666667 6.547619047619047619047619048 5.952380952380952380952380952 7.142857142857142857142857143 7.142857142857142857142857143 4.166666666666666666666666667 4.761904761904761904761904762 2.380952380952380952380952381 4.761904761904761904761904762 4.761904761904761904761904762 5.952380952380952380952380952 4.166666666666666666666666667 0 
20161226 466 282 -2 -2 43.26241134751773049645390071 29.07801418439716312056737589 20.56737588652482269503546099 19.14893617021276595744680851 17.73049645390070921985815603 16.31205673758865248226950355 13.47517730496453900709219858 10.99290780141843971631205674 10.99290780141843971631205674 10.99290780141843971631205674 9.219858156028368794326241135 9.219858156028368794326241135 9.219858156028368794326241135 7.801418439716312056737588652 8.510638297872340425531914894 7.446808510638297872340425532 9.574468085106382978723404255 6.737588652482269503546099291 7.801418439716312056737588652 7.446808510638297872340425532 7.801418439716312056737588652 5.673758865248226950354609929 6.028368794326241134751773050 6.382978723404255319148936170 4.609929078014184397163120567 6.382978723404255319148936170 6.382978723404255319148936170 4.964539007092198581560283688 4.964539007092198581560283688 0 
20161227 589 329 -2 -2 42.24924012158054711246200608 28.26747720364741641337386018 20.36474164133738601823708207 17.62917933130699088145896657 14.58966565349544072948328267 14.28571428571428571428571429 10.63829787234042553191489362 8.814589665653495440729483283 10.03039513677811550151975684 10.33434650455927051671732523 8.206686930091185410334346505 10.03039513677811550151975684 7.598784194528875379939209726 7.294832826747720364741641337 7.294832826747720364741641337 6.686930091185410334346504559 7.902735562310030395136778116 9.118541033434650455927051672 7.598784194528875379939209726 5.471124620060790273556231003 6.382978723404255319148936170 4.863221884498480243161094225 6.382978723404255319148936170 5.471124620060790273556231003 6.990881458966565349544072948 7.294832826747720364741641337 5.775075987841945288753799392 7.294832826747720364741641337 5.471124620060790273556231003 0 
20161228 629 295 -2 -2 40.0 22.71186440677966101694915254 22.03389830508474576271186441 16.61016949152542372881355932 16.61016949152542372881355932 11.86440677966101694915254237 10.50847457627118644067796610 8.813559322033898305084745763 9.830508474576271186440677966 10.16949152542372881355932203 8.813559322033898305084745763 10.16949152542372881355932203 9.152542372881355932203389831 8.135593220338983050847457627 9.491525423728813559322033898 7.118644067796610169491525424 8.135593220338983050847457627 5.762711864406779661016949153 4.745762711864406779661016949 5.084745762711864406779661017 4.406779661016949152542372881 6.101694915254237288135593220 4.745762711864406779661016949 3.728813559322033898305084746 3.389830508474576271186440678 2.711864406779661016949152542 3.389830508474576271186440678 4.067796610169491525423728814 2.711864406779661016949152542 0 
20161229 799 430 -2 -2 52.79069767441860465116279070 32.79069767441860465116279070 26.97674418604651162790697674 23.25581395348837209302325581 19.30232558139534883720930233 16.74418604651162790697674419 16.74418604651162790697674419 15.11627906976744186046511628 16.27906976744186046511627907 13.72093023255813953488372093 14.88372093023255813953488372 13.48837209302325581395348837 13.25581395348837209302325581 13.95348837209302325581395349 12.79069767441860465116279070 10.23255813953488372093023256 11.39534883720930232558139535 11.62790697674418604651162791 10.69767441860465116279069767 10.46511627906976744186046512 10.93023255813953488372093023 8.837209302325581395348837209 8.604651162790697674418604651 7.906976744186046511627906977 10.23255813953488372093023256 9.534883720930232558139534884 8.604651162790697674418604651 7.906976744186046511627906977 9.069767441860465116279069767 0 
20161230 1079 569 -2 -2 44.46397188049209138840070299 32.68892794376098418277680141 24.78031634446397188049209139 22.84710017574692442882249561 19.85940246045694200351493849 16.87170474516695957820738137 17.22319859402460456942003515 15.46572934973637961335676626 15.64147627416520210896309315 13.88400702987697715289982425 14.93848857644991212653778559 14.58699472759226713532513181 14.05975395430579964850615114 13.18101933216168717047451670 14.58699472759226713532513181 11.59929701230228471001757469 12.82952548330404217926186292 11.77504393673110720562390158 12.12653778558875219683655536 12.82952548330404217926186292 10.36906854130052724077328647 9.138840070298769771528998243 10.72056239015817223198594025 10.72056239015817223198594025 11.07205623901581722319859402 10.19332161687170474516695958 10.72056239015817223198594025 10.36906854130052724077328647 8.787346221441124780316344464 0 
20161231 1053 404 -2 -2 41.08910891089108910891089109 31.18811881188118811881188119 25.49504950495049504950495050 21.28712871287128712871287129 19.80198019801980198019801980 15.84158415841584158415841584 15.09900990099009900990099010 15.59405940594059405940594059 12.87128712871287128712871287 11.63366336633663366336633663 11.88118811881188118811881188 12.87128712871287128712871287 11.38613861386138613861386139 12.62376237623762376237623762 11.38613861386138613861386139 11.88118811881188118811881188 10.14851485148514851485148515 10.39603960396039603960396040 9.653465346534653465346534653 9.900990099009900990099009901 10.89108910891089108910891089 9.158415841584158415841584158 9.158415841584158415841584158 7.178217821782178217821782178 8.168316831683168316831683168 8.415841584158415841584158416 7.425742574257425742574257426 7.425742574257425742574257426 7.425742574257425742574257426 0 
20170101 856 168 -2 -2 39.28571428571428571428571429 27.38095238095238095238095238 20.83333333333333333333333333 17.85714285714285714285714286 16.07142857142857142857142857 11.90476190476190476190476190 14.28571428571428571428571429 11.90476190476190476190476190 10.71428571428571428571428571 9.523809523809523809523809524 9.523809523809523809523809524 8.928571428571428571428571429 11.90476190476190476190476190 8.928571428571428571428571429 8.928571428571428571428571429 7.142857142857142857142857143 8.333333333333333333333333333 7.738095238095238095238095238 8.928571428571428571428571429 6.547619047619047619047619048 5.952380952380952380952380952 6.547619047619047619047619048 5.952380952380952380952380952 6.547619047619047619047619048 5.952380952380952380952380952 7.738095238095238095238095238 7.738095238095238095238095238 4.761904761904761904761904762 4.166666666666666666666666667 0 
20170102 2156 1515 -2 -2 44.29042904290429042904290429 27.78877887788778877887788779 20.79207920792079207920792079 17.88778877887788778877887789 16.03960396039603960396039604 13.26732673267326732673267327 11.68316831683168316831683168 9.768976897689768976897689769 9.570957095709570957095709571 9.702970297029702970297029703 10.23102310231023102310231023 8.844884488448844884488448845 9.636963696369636963696369637 8.448844884488448844884488449 7.920792079207920792079207921 7.392739273927392739273927393 6.996699669966996699669966997 7.392739273927392739273927393 7.590759075907590759075907591 7.986798679867986798679867987 5.940594059405940594059405941 5.742574257425742574257425743 5.676567656765676567656765677 5.676567656765676567656765677 5.676567656765676567656765677 5.016501650165016501650165017 5.742574257425742574257425743 4.950495049504950495049504950 4.686468646864686468646864686 0 
20170103 2773 1573 -2 -2 42.53019707565162110616656071 27.65416401780038143674507311 22.44119516846789574062301335 17.86395422759059122695486332 15.19389701207883026064844247 11.88811188811188811188811189 10.10807374443738080101716465 10.61665607120152574698029243 10.68022886204704386522568341 9.853782581055308328035600763 9.345200254291163382072472982 8.709472345835982199618563255 8.582326764144945963127781310 8.328035600762873490146217419 7.946598855689764780673871583 7.501589319771137952956134774 8.073744437380801017164653528 7.819453273998728544183089638 7.438016528925619834710743802 7.056579783852511125238397966 7.120152574698029243483788938 6.802288620470438652256834075 5.912269548633184996821360458 5.785123966942148760330578512 6.547997457088366179275270184 5.912269548633184996821360458 5.594405594405594405594405594 5.530832803560076287349014622 5.340114431023521932612841704 0 
20170104 3294 1743 -2 -2 38.72633390705679862306368330 25.64543889845094664371772806 19.39185312679288582903040734 14.68732071141709695926563396 11.41709695926563396442914515 10.09753298909925415949512335 9.466437177280550774526678141 8.892713711990820424555364314 8.548479632816982214572576018 8.605851979345955249569707401 8.376362593230063109581181870 7.056798623063683304647160069 6.081468732071141709695926563 6.081468732071141709695926563 5.450372920252438324727481354 5.966724039013195639701663798 5.679862306368330464716006885 5.737234652897303499713138267 5.737234652897303499713138267 5.220883534136546184738955823 4.876649454962707974756167527 4.704532415375788869764773379 4.417670682730923694779116466 4.704532415375788869764773379 4.016064257028112449799196787 4.245553643144004589787722318 4.360298336201950659781985083 4.073436603557085484796328170 3.729202524383247274813539874 0 
20170105 3862 1999 -2 -2 40.07003501750875437718859430 25.31265632816408204102051026 17.60880440220110055027513757 14.00700350175087543771885943 11.20560280140070035017508754 9.904952476238119059529764882 10.10505252626313156578289145 9.104552276138069034517258629 9.304652326163081540770385193 8.354177088544272136068034017 6.903451725862931465732866433 6.303151575787893946973486743 6.453226613306653326663331666 5.702851425712856428214107054 5.802901450725362681340670335 6.253126563281640820410205103 5.752876438219109554777388694 5.752876438219109554777388694 5.252626313156578289144572286 4.902451225612806403201600800 4.652326163081540770385192596 4.802401200600300150075037519 5.002501250625312656328164082 4.302151075537768884442221111 4.752376188094047023511755878 4.052026013006503251625812906 4.052026013006503251625812906 3.851925962981490745372686343 3.651825912956478239119559780 0 
20170106 4415 2135 -2 -2 38.45433255269320843091334895 24.07494145199063231850117096 19.85948477751756440281030445 15.45667447306791569086651054 13.48946135831381733021077283 12.69320843091334894613583138 11.80327868852459016393442623 11.10070257611241217798594848 10.16393442622950819672131148 9.836065573770491803278688525 7.962529274004683840749414520 8.056206088992974238875878220 7.822014051522248243559718970 7.213114754098360655737704918 6.978922716627634660421545667 7.540983606557377049180327869 6.791569086651053864168618267 5.995316159250585480093676815 5.433255269320843091334894614 6.182669789227166276346604215 5.526932084309133489461358314 5.480093676814988290398126464 4.590163934426229508196721311 4.730679156908665105386416862 4.590163934426229508196721311 4.777517564402810304449648712 3.840749414519906323185011710 4.309133489461358313817330211 4.449648711943793911007025761 0 
20170107 5876 3304 -2 -2 38.01452784503631961259079903 22.12469733656174334140435835 16.22276029055690072639225182 14.67917675544794188861985472 12.80266343825665859564164649 11.95520581113801452784503632 11.10774818401937046004842615 9.503631961259079903147699758 8.444309927360774818401937046 8.111380145278450363196125908 7.536319612590799031476997579 7.082324455205811138014527845 7.233656174334140435835351090 6.537530266343825665859564165 6.628329297820823244552058111 6.295399515738498789346246973 5.992736077481840193704600484 5.629539951573849878934624697 5.205811138014527845036319613 5.054479418886198547215496368 5.326876513317191283292978208 5.326876513317191283292978208 4.903147699757869249394673123 4.449152542372881355932203390 4.782082324455205811138014528 4.237288135593220338983050847 4.176755447941888619854721550 4.207021791767554479418886199 4.146489104116222760290556901 0 
20170108 7443 4249 -2 -2 35.79665803718522005177688868 23.13485526006119086843963285 17.93363144269239821134384561 14.49752883031301482701812191 13.39138620851965168274888209 12.68533772652388797364085667 11.69686985172981878088962109 9.743469051541539185690750765 9.155095316545069428100729583 8.660861379148034831725111791 8.660861379148034831725111791 7.931277947752412332313485526 7.978347846552129912920687221 8.284302188750294186867498235 7.107554718757354671687455872 6.613320781360320075311838080 6.095551894563426688632619440 5.930807248764415156507413509 5.742527653565544834078606731 5.507178159566956931042598258 5.413038361967521769828194869 4.848199576370910802541774535 5.201223817368792657095787244 4.942339373970345963756177924 4.565780183572605318898564368 4.659919981172040480112967757 4.683454930571899270416568604 4.706989879971758060720169452 4.048011296775711932219345728 0 
20170109 9986 6110 -2 -2 45.00818330605564648117839607 29.05073649754500818330605565 22.76595744680851063829787234 18.85433715220949263502454992 16.61211129296235679214402619 14.59901800327332242225859247 12.43862520458265139116202946 11.45662847790507364975450082 10.31096563011456628477905074 10.18003273322422258592471358 9.770867430441898527004909984 9.950900163666121112929623568 9.328968903436988543371522095 8.608837970540098199672667758 7.577741407528641571194762684 7.512274959083469721767594108 7.152209492635024549918166939 7.184942716857610474631751227 6.693944353518821603927986907 6.513911620294599018003273322 6.497545008183306055646481178 6.202945990180032733224222586 5.842880523731587561374795417 5.613747954173486088379705401 5.450081833060556464811783961 5.662847790507364975450081833 5.155482815057283142389525368 5.024549918166939443535188216 5.057283142389525368248772504 0 
20170110 11177 5533 -2 -2 45.63527923368877643231519971 29.18850533164648472799566239 21.76034700885595517802277246 19.42888125790710283752033255 15.56117838424001445870233147 13.84420748237845653352611603 12.32604373757455268389662028 10.95246701608530634375564793 10.17531176576902223025483463 9.434303271281402494126152178 9.325863003795409362009759624 8.747514910536779324055666004 8.458340863907464305078619194 7.934212904391830833182721851 7.392011566961865172600759082 6.777516717874570757274534611 7.211277787818543285740104826 6.470269293330923549611422375 6.379902403759262606181095247 6.235315380444605096692571842 6.307608892101933851436833544 5.693114043014639436110609073 5.801554310500632568227001627 5.873847822157961322971263329 5.187059461413338152900777155 4.970178926441351888667992048 4.970178926441351888667992048 5.331646484727995662389300560 4.879812036869690945237664920 0 
20170111 12006 5164 -2 -2 44.81022463206816421378776143 28.77614252517428350116189001 22.13400464756003098373353989 17.54453911696359411309062742 14.83346243222308288148721921 13.16808675445391169635941131 11.77381874515879163439194423 10.96049573973663826491092177 10.05034856700232378001549187 9.876065065840433772269558482 9.430673896204492641363284276 8.791634391944229279628195198 8.462432223082881487219209915 7.765298218435321456235476375 7.281177381874515879163439194 7.242447714949651432997676220 6.855151045701006971340046476 6.622773044151820294345468629 5.790085205267234701781564679 6.003098373353989155693261038 5.596436870642912470952749806 5.964368706429124709527498064 6.061192873741285824941905500 5.673896204492641363284275755 5.073586367157242447714949651 5.054221533694810224632068164 4.725019364833462432223082881 4.492641363284275755228505035 4.918667699457784663051897754 0 
20170112 14174 6532 -2 -2 43.76913655848132271892222903 27.26576852418860992039191672 20.23882424984690753214941825 16.25842008573178199632578077 14.05388854868340477648499694 12.55358236374770361298224127 11.80342927127985303123086344 10.15003061849357011635027557 9.920391916717697489283527250 9.568279240661359461114513166 8.404776484996938150642988365 7.823025107164727495407225964 7.547458665033680342927127985 6.981016533986527862829148806 6.797305572565829761175750153 6.736068585425597060624617269 5.924678505817513778322106552 6.154317207593386405388854868 5.679730557256582976117575015 5.526638089406001224739742805 5.189834660134721371708511941 4.975505205143906919779546846 5.143906919779546846295162278 5.052051439069197795468462952 4.577464788732394366197183099 4.454990814451928965094917330 4.608083282302510716472749541 4.286589099816289038579301898 4.240661359461114513165952235 0 
20170113 12805 3942 -2 -2 38.12785388127853881278538813 24.55606291222729578893962456 18.08726534753932014205986809 15.22070015220700152207001522 13.03906646372399797057331304 10.93353627600202942668696093 10.55301877219685438863521055 9.918822932521562658548959919 9.208523592085235920852359209 7.889396245560629122272957889 7.635717909690512430238457636 7.305936073059360730593607306 7.077625570776255707762557078 6.722475900558092338914256722 6.823947234906139015728056824 6.468797564687975646879756469 5.936073059360730593607305936 5.606291222729578893962455606 5.758498224251648909183155758 5.580923389142567224759005581 4.921359715880263825469304921 5.225773718924403855910705226 4.769152714358193810248604769 4.515474378488077118214104515 4.540842212075088787417554541 4.287163876204972095383054287 4.414003044140030441400304414 4.084221207508878741755454084 4.363267376966007102993404363 0 
20170114 13846 5227 -2 -2 35.41228237995025827434474842 20.03061029271092404821121102 15.41993495312798928639755118 13.83202601874880428544097953 11.95714559020470633250430457 11.76583126076143103118423570 11.21101970537593265735603597 9.680505069829730246795484982 8.781327721446336330591161278 7.709967476563994643198775588 7.576047445953701932274727377 7.078630189401186148842548307 7.231681652955806389898603405 6.581212932848670365410369237 6.562081499904342835278362349 6.064664243351827051846183279 5.605509852687966328678017984 5.471589822077673617753969772 5.012435431413812894585804477 5.050698297302467954849818251 5.356801224411708436961928448 5.203749760857088195905873350 4.457623876028314520757604745 4.285440979529366749569542759 4.170652381863401568777501435 3.883680887698488616797398125 3.960206619475798737325425674 4.247178113640711689305528984 4.323703845418021809833556533 0 
20170115 14043 5321 -2 -2 32.71941364405186994925765833 21.31178349934222890434128923 16.76376620935914301822965608 14.47096410449163691035519639 13.11783499342228904341289231 12.81713963540687840631460252 11.33245630520578838564179665 9.096034579966171772223266303 8.250328885547829355384326254 7.705318549144897575643676001 7.310655891749671114452170645 7.348242811501597444089456869 6.784439015222702499530163503 6.840819394850591993986092840 6.859612854726555158804735952 5.957526780680323247509866566 5.863559481300507423416651005 5.299755685021612478857357640 5.186994925765833489945498966 5.656831422664912610411576771 5.149408006013907160308212742 4.472843450479233226837060703 4.378876151099417402743845142 4.360082691223454237925202030 4.510430370231159556474346927 4.228528472091712084194700244 4.604397669610975380567562488 4.284908851719601578650629581 4.303702311595564743469272693 0 
20170116 12354 3780 -2 -2 37.67195767195767195767195767 24.70899470899470899470899471 18.80952380952380952380952381 16.32275132275132275132275132 14.20634920634920634920634921 12.72486772486772486772486772 11.29629629629629629629629630 10.44973544973544973544973545 9.788359788359788359788359788 8.756613756613756613756613757 8.809523809523809523809523810 7.830687830687830687830687831 7.645502645502645502645502646 6.984126984126984126984126984 7.301587301587301587301587302 6.984126984126984126984126984 6.534391534391534391534391534 6.402116402116402116402116402 6.560846560846560846560846561 6.190476190476190476190476190 5.952380952380952380952380952 5.343915343915343915343915344 5.687830687830687830687830688 5.582010582010582010582010582 5.238095238095238095238095238 4.894179894179894179894179894 5.291005291005291005291005291 4.576719576719576719576719577 4.656084656084656084656084656 0 
20170117 11365 2854 -2 -2 36.12473721093202522775052558 23.65101611772950245269796776 18.71058163980378416257883672 14.64611072179397337070777856 13.24456902592852137351086195 11.66783461807988787666433076 10.93202522775052557813594954 9.635599159074982480728801682 8.409250175192711983181499650 7.743517869656622284512964261 7.883672039243167484232655922 7.498248072880168185003503854 6.587245970567624386825508059 6.832515767344078486334968465 6.026629292221443587946741416 6.377014716187806587245970568 6.131744919411352487736510161 5.466012613875262789067974772 5.430974071478626489138051857 4.870357393132445690259285214 4.274702172389628591450595655 4.274702172389628591450595655 4.590049053959355290819901892 4.204625087596355991590749825 4.344779257182901191310441486 4.134548002803083391730903994 3.573931324456902592852137351 4.239663629992992291520672740 3.994393833216538192011212334 0 
20170118 11276 2985 -2 -2 37.15242881072026800670016750 23.11557788944723618090452261 17.68844221105527638190954774 15.30988274706867671691792295 13.03182579564489112227805695 10.95477386934673366834170854 10.78726968174204355108877722 9.815745393634840871021775544 9.514237855946398659966499162 8.375209380234505862646566164 7.906197654941373534338358459 7.470686767169179229480737018 7.269681742043551088777219430 7.068676716917922948073701843 6.599664991624790619765494137 6.465661641541038525963149079 6.264656616415410385259631491 5.996649916247906197654941374 6.331658291457286432160804020 6.130653266331658291457286432 5.929648241206030150753768844 5.561139028475711892797319933 5.192629815745393634840871022 4.790619765494137353433835846 5.159128978224455611390284757 4.589614740368509212730318258 4.589614740368509212730318258 4.824120603015075376884422111 4.254606365159128978224455611 0 
20170119 11354 3035 -2 -2 33.93739703459637561779242175 21.54859967051070840197693575 17.13344316309719934102141680 12.38879736408566721581548600 11.59802306425041186161449753 9.719934102141680395387149918 9.093904448105436573311367381 8.369028006589785831960461285 7.116968698517298187808896211 6.919275123558484349258649094 6.556836902800658978583196046 6.457990115321252059308072488 5.766062602965403624382207578 5.568369028006589785831960461 5.403624382207578253706754530 5.403624382207578253706754530 4.546952224052718286655683690 4.546952224052718286655683690 4.415156507413509060955518946 4.283360790774299835255354201 4.085667215815485996705107084 4.316309719934102141680395387 4.085667215815485996705107084 4.118616144975288303130148270 4.118616144975288303130148270 3.822075782537067545304777595 3.953871499176276771004942339 3.624382207578253706754530478 3.657331136738056013179571664 0 
20170120 11563 3230 -2 -2 33.65325077399380804953560372 20.52631578947368421052631579 16.19195046439628482972136223 12.22910216718266253869969040 11.26934984520123839009287926 9.721362229102167182662538700 9.504643962848297213622291022 7.894736842105263157894736842 7.306501547987616099071207430 7.213622291021671826625386997 6.501547987616099071207430341 6.222910216718266253869969040 5.913312693498452012383900929 5.851393188854489164086687307 5.913312693498452012383900929 5.108359133126934984520123839 5.170278637770897832817337461 4.798761609907120743034055728 4.489164086687306501547987616 4.520123839009287925696594427 4.458204334365325077399380805 4.148606811145510835913312693 4.024767801857585139318885449 3.993808049535603715170278638 3.622291021671826625386996904 3.900928792569659442724458204 3.777089783281733746130030960 3.591331269349845201238390093 3.312693498452012383900928793 0 
20170121 12010 3428 -2 -2 34.07234539089848308051341890 17.88214702450408401400233372 13.88564760793465577596266044 11.84364060676779463243873979 10.03500583430571761960326721 9.918319719953325554259043174 9.480746791131855309218203034 8.372228704784130688448074679 6.884480746791131855309218203 6.913652275379229871645274212 5.892648774795799299883313886 5.513418903150525087514585764 5.630105017502917152858809802 5.746791131855309218203033839 5.017502917152858809801633606 4.434072345390898483080513419 4.142357059509918319719953326 4.346557759626604434072345391 4.259043173862310385064177363 4.113185530921820303383897316 4.317386231038506417736289382 3.996499416569428238039673279 3.646441073512252042007001167 3.092182030338389731621936989 3.471411901983663943990665111 3.150525087514585764294049008 3.238039673278879813302217036 3.383897316219369894982497083 3.325554259043173862310385064 0 
20170122 11449 2716 -2 -2 30.63328424153166421207658321 19.10898379970544918998527246 13.84388807069219440353460972 11.41384388807069219440353461 10.75110456553755522827687776 10.38291605301914580265095729 9.315169366715758468335787923 7.253313696612665684830633284 6.516936671575846833578792342 6.480117820324005891016200295 6.075110456553755522827687776 5.670103092783505154639175258 5.964653902798232695139911635 5.743740795287187039764359352 4.712812960235640648011782032 4.528718703976435935198821797 4.602356406480117820324005891 4.197349042709867452135493373 4.381443298969072164948453608 5.007363770250368188512518409 4.528718703976435935198821797 3.645066273932253313696612666 3.681885125184094256259204713 3.460972017673048600883652430 3.129602356406480117820324006 3.055964653902798232695139912 3.460972017673048600883652430 3.313696612665684830633284242 3.055964653902798232695139912 0 
20170123 10335 2275 -2 -2 36.17582417582417582417582418 21.75824175824175824175824176 16.83516483516483516483516484 13.58241758241758241758241758 12.13186813186813186813186813 11.12087912087912087912087912 11.07692307692307692307692308 9.890109890109890109890109890 8.395604395604395604395604396 8.087912087912087912087912088 7.604395604395604395604395604 7.692307692307692307692307692 7.076923076923076923076923077 7.032967032967032967032967033 6.901098901098901098901098901 6.285714285714285714285714286 5.758241758241758241758241758 6.681318681318681318681318681 5.582417582417582417582417582 5.406593406593406593406593407 5.714285714285714285714285714 5.450549450549450549450549451 5.318681318681318681318681319 5.670329670329670329670329670 5.318681318681318681318681319 4.835164835164835164835164835 5.098901098901098901098901099 4.835164835164835164835164835 4.439560439560439560439560440 0 
20170124 10212 2385 -2 -2 35.13626834381551362683438155 21.55136268343815513626834382 17.81970649895178197064989518 13.37526205450733752620545073 12.15932914046121593291404612 9.979035639412997903563941300 9.853249475890985324947589099 9.182389937106918238993710692 7.882599580712788259958071279 7.631027253668763102725366876 7.379454926624737945492662474 6.792452830188679245283018868 6.205450733752620545073375262 6.498951781970649895178197065 5.828092243186582809224318658 6.540880503144654088050314465 6.037735849056603773584905660 5.366876310272536687631027254 5.786163522012578616352201258 4.905660377358490566037735849 4.905660377358490566037735849 5.157232704402515723270440252 4.905660377358490566037735849 5.241090146750524109014675052 5.241090146750524109014675052 4.570230607966457023060796646 4.486373165618448637316561845 4.696016771488469601677148847 3.941299790356394129979035639 0 
20170125 10484 2731 -2 -2 33.87037715122665690223361406 22.15305748809959721713658001 16.40424752837788355913584767 12.92566825338703771512266569 11.35115342365433906993775174 10.65543756865616990113511534 9.813255217868912486268766020 8.934456243134383009886488466 8.641523251556206517759062614 8.055657268399853533504210912 7.140241669718051995606005126 6.774075430245331380446722812 7.140241669718051995606005126 6.261442694983522519223727572 6.517759062614426949835225192 6.334675942878066642255584035 5.675576711827169534968875870 5.346027096301720981325521787 5.162943976565360673745880630 4.796777737092640058586598316 4.686927865250823874038813621 4.760161113145367997070670084 5.016477480776272427682167704 4.357378249725375320395459539 4.320761625778103258879531307 3.881362138410838520688392530 3.588429146832662028560966679 4.101061882094470889783961919 4.174295129989015012815818382 0 
20170126 10188 2442 -2 -2 35.70843570843570843570843571 22.03112203112203112203112203 16.62571662571662571662571663 11.87551187551187551187551188 11.62981162981162981162981163 9.991809991809991809991809992 8.886158886158886158886158886 8.394758394758394758394758395 7.903357903357903357903357903 6.879606879606879606879606880 6.060606060606060606060606061 6.715806715806715806715806716 5.978705978705978705978705979 6.306306306306306306306306306 6.511056511056511056511056511 6.101556101556101556101556102 5.733005733005733005733005733 5.241605241605241605241605242 5.610155610155610155610155610 5.282555282555282555282555283 4.832104832104832104832104832 4.914004914004914004914004914 4.381654381654381654381654382 4.586404586404586404586404586 4.340704340704340704340704341 4.504504504504504504504504505 3.849303849303849303849303849 3.767403767403767403767403767 3.972153972153972153972153972 0 
20170127 10243 2212 -2 -2 33.22784810126582278481012658 19.89150090415913200723327306 15.55153707052441229656419530 12.74864376130198915009041591 11.93490054249547920433996383 10.44303797468354430379746835 9.810126582278481012658227848 9.674502712477396021699819168 8.589511754068716094032549729 7.504520795660036166365280289 7.233273056057866184448462929 7.368896925858951175406871609 7.097649186256781193490054250 7.414104882459312839059674503 6.555153707052441229656419530 6.962025316455696202531645570 6.916817359855334538878842676 5.560578661844484629294755877 6.238698010849909584086799277 5.741410488245931283905967450 5.605786618444846292947558770 5.018083182640144665461121157 4.882459312839059674502712477 5.063291139240506329113924051 4.430379746835443037974683544 5.379746835443037974683544304 4.430379746835443037974683544 4.566003616636528028933092224 4.339963833634719710669077758 0 
20170128 10502 2699 -2 -2 31.27084105224157095220452019 18.82178584660985550203779177 14.11633938495739162652834383 12.44905520563171545016672842 10.63356798814375694701741386 9.447943682845498332715820674 9.522045201926639496109670248 7.928862541682104483141904409 6.595035198221563542052612079 6.483882919599851796961837718 6.076324564653575398295665061 5.594664690626157836235642831 5.816969247869581326417191552 5.298258614301593182660244535 5.594664690626157836235642831 4.520192663949610967024824009 4.483141904409040385327899222 4.112634309003334568358651352 4.631344942571322712115598370 4.223786587625046313449425713 4.371989625787328640237124861 4.483141904409040385327899222 3.742126713597628751389403483 3.445720637273064097814005187 3.779177473138199333086328270 3.371619118191922934420155613 3.408669877732493516117080400 4.149685068543905150055576139 3.371619118191922934420155613 0 
20170129 10385 2594 -2 -2 30.49344641480339244410177332 19.85350809560524286815728604 15.53585196607555898226676947 12.14340786430223592906707787 11.44949884348496530454895914 11.41094834232845026985350810 9.637625289128758673862760216 8.211256746337702390131071704 7.632999228989976869699306091 6.861989205859676175790285274 6.939090208172706245181187355 6.977640709329221279876638396 6.592135697764070932922127988 6.437933693138010794140323824 5.512721665381649961449498843 6.090979182729375481881264456 5.589822667694680030840400925 5.589822667694680030840400925 5.204317656129529683885890517 5.551272166538164996144949884 5.589822667694680030840400925 5.050115651503469545104086353 4.934464148033924441017733231 4.317656129529683885890516577 4.394757131842713955281418658 4.356206630686198920585967618 4.317656129529683885890516577 4.587509637625289128758673863 4.124903623747108712413261372 0 
20170130 9394 1776 -2 -2 35.02252252252252252252252252 22.35360360360360360360360360 16.04729729729729729729729730 14.52702702702702702702702703 12.72522522522522522522522523 10.24774774774774774774774775 9.177927927927927927927927928 8.333333333333333333333333333 8.164414414414414414414414414 7.319819819819819819819819820 7.657657657657657657657657658 7.939189189189189189189189189 7.150900900900900900900900901 6.531531531531531531531531532 6.418918918918918918918918919 5.855855855855855855855855856 5.518018018018018018018018018 6.475225225225225225225225225 5.799549549549549549549549550 6.137387387387387387387387387 5.180180180180180180180180180 5.349099099099099099099099099 4.673423423423423423423423423 4.954954954954954954954954955 4.729729729729729729729729730 4.786036036036036036036036036 4.166666666666666666666666667 4.166666666666666666666666667 4.054054054054054054054054054 0 
20170131 9339 1786 -2 -2 35.16237402015677491601343785 22.00447928331466965285554311 16.74132138857782754759238522 14.83762597984322508398656215 11.98208286674132138857782755 10.41433370660694288913773796 9.630459126539753639417693169 8.790593505039193729003359462 8.230683090705487122060470325 8.062709966405375139977603583 7.838745800671892497200447928 6.494960806270996640537513998 6.774916013437849944008958567 5.879059350503919372900335946 6.159014557670772676371780515 6.159014557670772676371780515 6.494960806270996640537513998 5.319148936170212765957446809 5.263157894736842105263157895 5.431131019036954087346024636 6.047032474804031354983202688 4.535274356103023516237402016 4.815229563269876819708846585 5.375139977603583426651735722 4.591265397536394176931690929 4.255319148936170212765957447 5.263157894736842105263157895 4.871220604703247480403135498 4.367301231802911534154535274 0 
20170201 9318 1867 -2 -2 35.13658275307980717728976968 21.37118371719335832886984467 16.49705409748259239421531869 14.72951258703802892340653455 11.99785752544188537761114087 10.12319228709159078735940011 10.06963042313872522763792180 9.266202463845741831815747188 8.677021960364220674879485806 8.516336368505623995715050884 7.659346545259775040171397965 7.498660953401178361006963042 6.641671130155329405463310123 6.909480449919657204070701660 6.213176218532404927691483664 5.998928762720942688805570434 5.356186395286555972147830745 5.516871987145152651312265667 5.249062667380824852704874130 4.874129619710765934654525978 4.820567755757900374933047670 4.820567755757900374933047670 5.141938939475093733261917515 5.356186395286555972147830745 5.195500803427959292983395822 4.284949116229244777718264596 4.552758435993572576325656133 3.695768612747723620782003214 4.338510980182110337439742903 0 
20170202 9075 1771 -2 -2 36.25070581592320722755505364 24.84472049689440993788819876 17.56070016939582156973461321 14.56804065499717673630717109 11.68831168831168831168831169 10.38961038961038961038961039 9.316770186335403726708074534 9.034443817052512704686617730 7.961603613777526821005081875 7.396950875211744776962168267 7.622811970638057594579333710 6.832298136645962732919254658 6.211180124223602484472049689 6.493506493506493506493506494 5.590062111801242236024844720 5.815923207227555053642010164 5.194805194805194805194805195 5.646527385657820440429136081 4.743083003952569169960474308 4.630152456239412761151891587 3.896103896103896103896103896 4.121964991530208921513269339 3.500846979107848673066064370 3.557312252964426877470355731 4.009034443817052512704686618 3.670242800677583286278938453 3.952569169960474308300395257 3.500846979107848673066064370 3.839638622247317899491812535 0 
20170203 9122 1729 -2 -2 37.70965876229034123770965876 24.17582417582417582417582418 18.21862348178137651821862348 15.55812608444187391555812608 13.99652978600347021399652979 13.53383458646616541353383459 11.68305378831694621168305379 9.890109890109890109890109890 8.849045691150954308849045691 8.733371891266628108733371891 9.080393290919606709080393291 8.791208791208791208791208791 9.196067090803932909196067091 8.155002891844997108155002892 7.345286292654713707345286293 6.535569693464430306535569693 6.362058993637941006362058994 7.056101792943898207056101793 6.419895893580104106419895894 6.535569693464430306535569693 6.362058993637941006362058994 6.188548293811451706188548294 5.841526894158473105841526894 6.246385193753614806246385194 5.610179294389820705610179294 5.436668594563331405436668595 4.916136495083863504916136495 4.916136495083863504916136495 4.337767495662232504337767496 0 
20170204 9636 1941 -2 -2 36.01236476043276661514683153 20.14425553838227717671303452 15.66202988150437918598660484 14.21947449768160741885625966 11.28284389489953632148377125 10.81916537867078825347758887 10.25244719216898505924781041 9.994848016486347243688820196 8.243173621844410097887686759 7.676455435342606903657908295 7.676455435342606903657908295 7.315816589386913961875321999 6.543019062339000515198351365 7.573415765069551777434312210 6.543019062339000515198351365 6.439979392065945388974755281 5.770221535291087068521380732 5.512622359608449252962390520 5.564142194744976816074188563 5.564142194744976816074188563 5.461102524471921689850592478 5.873261205564142194744976816 5.306543019062339000515198351 5.358062854198866563626996394 4.894384337970118495620814013 4.842864502833590932509015971 4.327666151468315301391035549 4.379185986604842864502833591 4.379185986604842864502833591 0 
20170205 9653 2169 -2 -2 31.90410327339787920700783771 21.06961733517750115260488704 16.59751037344398340248962656 13.64684186260949746426924850 12.54034117104656523743660673 11.38773628400184416781927155 11.38773628400184416781927155 8.805901337021668971876440756 8.206546795758414015675426464 8.206546795758414015675426464 7.929921622867680958967266021 7.883817427385892116182572614 7.699400645458736745043798986 7.146150299677270631627478101 6.316274781005071461502996773 6.039649608114338404794836330 5.624711848778238819732595666 5.855232826187183033656062702 5.348086675887505763024435224 5.486399262332872291378515445 5.809128630705394190871369295 4.887044721069617335177501153 5.209774089442139234670355002 5.255878284923928077455048409 4.472106961733517750115260489 3.964960811433840479483633011 4.656523743660673121254034117 4.656523743660673121254034117 4.887044721069617335177501153 0 
20170206 8524 1352 -2 -2 32.24852071005917159763313609 21.37573964497041420118343195 15.53254437869822485207100592 12.64792899408284023668639053 10.05917159763313609467455621 9.689349112426035502958579882 8.284023668639053254437869822 7.322485207100591715976331361 7.692307692307692307692307692 7.544378698224852071005917160 6.952662721893491124260355030 5.399408284023668639053254438 5.621301775147928994082840237 5.251479289940828402366863905 5.991124260355029585798816568 5.177514792899408284023668639 5.251479289940828402366863905 5.029585798816568047337278107 4.659763313609467455621301775 5.029585798816568047337278107 4.881656804733727810650887574 4.437869822485207100591715976 3.846153846153846153846153846 3.920118343195266272189349112 3.920118343195266272189349112 4.585798816568047337278106509 3.698224852071005917159763314 3.402366863905325443786982249 3.106508875739644970414201183 0 
20170207 8215 1172 -2 -2 33.44709897610921501706484642 23.72013651877133105802047782 17.74744027303754266211604096 14.16382252559726962457337884 12.28668941979522184300341297 10.49488054607508532423208191 9.812286689419795221843003413 9.129692832764505119453924915 8.276450511945392491467576792 6.569965870307167235494880546 6.655290102389078498293515358 6.996587030716723549488054608 6.484641638225255972696245734 6.996587030716723549488054608 5.375426621160409556313993174 5.716723549488054607508532423 5.204778156996587030716723549 5.716723549488054607508532423 4.351535836177474402730375427 4.351535836177474402730375427 4.863481228668941979522184300 4.095563139931740614334470990 4.692832764505119453924914676 4.351535836177474402730375427 4.010238907849829351535836177 4.266211604095563139931740614 3.839590443686006825938566553 4.266211604095563139931740614 3.668941979522184300341296928 0 
20170208 8074 1183 -2 -2 35.33389687235841081994928149 20.96365173288250211327134404 17.92054099746407438715131023 13.35587489433643279797125951 12.00338123415046491969568893 10.56635672020287404902789518 10.81994928148774302620456467 9.044801352493660185967878276 7.354184277261200338123415046 8.030431107354184277261200338 7.607776838546069315300084531 6.086221470836855452240067625 6.677937447168216398985629755 6.846999154691462383770076078 6.508875739644970414201183432 6.001690617075232459847844463 5.917159763313609467455621302 5.071851225697379543533389687 4.987320371935756551141166526 5.748098055790363482671174979 5.748098055790363482671174979 4.902789518174133558748943364 4.818258664412510566356720203 4.564666103127641589180050719 4.311073541842772612003381234 5.071851225697379543533389687 5.409974640743871513102282333 4.311073541842772612003381234 4.649196956889264581572273880 0 
20170209 17212 10286 -2 -2 31.82967139801672175772895197 16.89675286797588955862337157 11.28718646704258215049581956 8.778922807699786117052304103 6.873420182772700758312269104 5.901224965973167412016332880 5.687342018277270075831226910 5.084580983861559401127746451 4.530429710285825393739062804 4.102663814894030721368850865 3.859615010694147384794866809 3.334629593622399377795061248 3.256853976278436710091386350 3.140190550262492708535874003 3.140190550262492708535874003 2.799922224382656037332296325 2.780478320046665370406377601 2.576317324518763367684230994 2.449931946334824032665759284 2.372156328990861364962084387 2.177717285630954695702897142 2.177717285630954695702897142 2.158273381294964028776978417 2.041609955279020027221466070 1.827727007583122691036360101 1.866614816255104024888197550 1.827727007583122691036360101 1.788839198911141357184522652 1.886058720591094691814116275 0 
20170210 53307 43557 -2 -2 25.47696122322473999586748399 13.47888973069770645361250775 9.036435016185687719539913217 6.848497371260646968340335652 5.824551736804646784672957274 4.924581582753633170328535023 4.302408338498978350207773722 3.760589572284592602796335836 3.230250017218816722914801295 2.789448309112197809766512845 2.640218564180269531877769360 2.500172188167229148012948550 2.387675918910852446219895769 2.438184447964735863351470487 2.197121013843928645223500241 2.043299584452556420322795417 1.834377941547856831278554538 1.714994145602314208967559749 1.765502674656197626099134467 1.604793718575659480680487637 1.641527194251211056776178341 1.655302247629542897812062355 1.515255871616502513947241546 1.340771862157632527492710701 1.382097022292628050600362743 1.400463760130403838648208095 1.347659388846798448010652708 1.356842757765686342034575384 1.253529857428197534265445279 0 
20170211 62757 43724 -2 -2 25.90568109047662610923062849 12.77330527856554752538651541 8.967615039795078217912359345 7.131095050773030829750251578 5.930381483853261366755100174 5.290000914829384319824352758 4.752538651541487512578904034 4.006952703320830665080962401 3.275089195864971182874393926 2.998353307108224316165035221 2.929741103284237489708169426 2.767358887567468667093587046 2.721617418351477449455676516 2.691885463361083157991034672 2.433446162290732778336840179 2.229896624279571859848138322 2.088098069709999085170615680 1.902845119385234653737078035 1.969170249748421919312048303 1.907419266306833775500869088 1.907419266306833775500869088 1.767907785198060561705241972 1.605525569481291739090659592 1.534626292196505351751898271 1.596377275638093495563077486 1.518616777970908425578629586 1.536913365657304912633793797 1.520903851431707986460525112 1.466014088372518525295032476 0 
20170212 76486 52128 -2 -2 23.78376304481276856967464702 13.10236341313689379987722529 9.478591160220994475138121547 7.253299570288520564763658686 6.154082259054634745242480049 5.442372621240024554941682014 4.615561694290976058931860037 3.522099447513812154696132597 3.243937998772252915899324739 3.052102516881522406384284837 2.942756292203806015960712093 2.846838551258440761203192142 2.787369551872314303253529773 2.526473296500920810313075506 2.154312461632903621853898097 1.998925721301411909146715777 1.922191528545119705340699816 1.876151012891344383057090239 1.805171884591774094536525476 1.826273787599754450583179865 1.853130755064456721915285451 1.553867403314917127071823204 1.557704112952731737262124002 1.427255985267034990791896869 1.369705340699815837937384899 1.507826887661141804788213628 1.409990791896869244935543278 1.350521792510742786985880909 1.279542664211172498465316145 0 
20170213 57274 28932 -2 -2 26.39983409373703857320613853 15.17005391953546246370800498 10.50394027374533388635420987 8.229641918982441587169915664 6.650076040370523987280519840 5.630443799253421816673579428 4.624637080049771878888428038 4.216784183602931010645651873 3.978293930595879994469791235 3.663763307064841697774090972 3.542789990322134660583437025 3.179870040094013549011475183 2.944836167565325591041061800 2.654500207382828701783492327 2.602654500207382828701783492 2.454030139637771325867551500 2.298493018111433706622424997 2.263929213327803124567952440 2.187888842803815844048112816 2.039264482234204341213880824 1.835338034010783907092492742 1.838794414489146965297939997 1.862989077837688372736070787 1.717821097746439928107286050 1.652149868657541822203788193 1.593391400525369832711184847 1.669431771049357113231024471 1.583022259090280658094843080 1.534632932393197843218581501 0 
20170214 53138 25791 -2 -2 26.89310224496917529370710713 14.85401884378271490054670234 10.84874568647977976813617153 7.983405063781939436237447171 6.595323950215191345818308712 5.145205691908029932922337249 4.924198363770307471598619674 4.358109418014035903997518514 4.098328874413555116125780311 4.028537086580590128339343182 3.505098677833352719941064712 3.245318134232871932069326509 3.059206700011631964638827498 2.857585979605288666589120236 2.737389011670737854290256291 2.586173471365980380752975844 2.566786863634601217478965531 2.229459889108603776511186073 2.179054709007017951998759257 2.058857741072467139699895312 2.113140242720328796867124191 2.051103097979915474390291187 2.012329882517157147842270559 2.043348454887363809080687061 1.810709162110813849792563297 1.721530766546469698732115854 1.527664689232678065992012718 1.547051296964057229266023031 1.500523438408747237408398278 0 
20170215 55411 27562 -2 -2 26.23539656048182279950656701 14.55264494594006240476017706 10.23873448951454901676220884 7.299905667222988172121036209 5.815978521152311153036789783 4.988752630433205137508163413 4.640446992235686815180320731 4.303025905231840940425223133 3.980117553152891662433785647 3.708003773311080473115158552 3.327044481532544808069080618 2.859008780204629562441042014 2.702996879761991147231695813 2.634061388868732312604310282 2.579638632900370074740584863 2.419998548726507510340323634 2.278499383208765691894637544 2.274871199477541542703722517 1.937450112473695667948624918 1.933821928742471518757709890 1.879399172774109280893984471 1.897540091430230026848559611 1.883027356505333430084899499 1.701618169944125970539148102 1.563747188157608301284377041 1.487555329801901168275161454 1.436760757564763079602351063 1.520208983382918510993396706 1.414991655177418184456860895 0 
20170216 41561 13284 -2 -2 27.24330021077988557663354411 16.27521830773863294188497441 11.35200240891297801866907558 9.447455585666967780788919000 7.844022884673291177356218007 6.910569105691056910569105691 6.406202950918398072869617585 6.052393857271906052393857272 5.435109906654622101776573321 4.584462511291779584462511292 4.358626919602529358626919603 4.087624209575429087624209575 3.869316470942487202649804276 3.891900030111412225233363445 3.440228846732911773562180066 3.252032520325203252032520325 3.018669075579644685335742246 2.898223426678711231556760012 2.747666365552544414333032219 2.822944896115627822944896116 2.732610659439927732610659440 2.642276422764227642276422764 2.582053598313760915386931647 2.506775067750677506775067751 2.393857271906052393857271906 2.295995182174043962661848841 2.130382414935260463715748269 2.168021680216802168021680217 2.077687443541102077687443541 0 
20170217 30672 5035 -2 -2 26.95134061569016881827209533 17.75571002979145978152929494 12.83018867924528301886792453 10.56603773584905660377358491 9.016881827209533267130089374 8.242303872889771598808341609 7.288977159880834160873882820 6.454816285998013902681231380 6.454816285998013902681231380 5.739821251241310824230387289 4.826216484607745779543197617 5.104270109235352532274081430 4.746772591857000993048659384 4.627606752730883813306852036 4.309831181727904667328699106 3.853028798411122144985104270 3.793445878848063555114200596 3.992055610724925521350546177 3.773584905660377358490566038 3.197616683217477656405163853 3.237338629592850049652432969 2.959285004965243296921549156 2.720953326713008937437934459 2.939424031777557100297914598 2.879841112214498510427010924 2.363455809334657398212512413 2.562065541211519364448857994 2.423038728897715988083416087 2.323733862959285004965243297 0 
20170218 26226 4085 -2 -2 31.77478580171358629130966952 18.45777233782129742962056304 14.41860465116279069767441860 11.57894736842105263157894737 10.57527539779681762545899633 9.865361077111383108935128519 9.057527539779681762545899633 7.662178702570379436964504284 7.172582619339045287637698898 5.948592411260709914320685435 5.752753977968176254589963280 5.312117503059975520195838433 5.752753977968176254589963280 5.605875152998776009791921665 5.067319461444308445532435741 4.210526315789473684210526316 4.528763769889840881272949816 4.235006119951040391676866585 3.574051407588739290085679315 4.528763769889840881272949816 4.063647490820073439412484700 3.623011015911872705018359853 3.647490820073439412484700122 3.549571603427172582619339045 3.451652386780905752753977968 3.304773561811505507955936353 3.696450428396572827417380661 3.623011015911872705018359853 3.598531211750305997552019584 0 
20170219 23471 3750 -2 -2 29.65333333333333333333333333 20.29333333333333333333333333 15.78666666666666666666666667 13.22666666666666666666666667 10.7200 10.93333333333333333333333333 10.98666666666666666666666667 8.746666666666666666666666667 8.266666666666666666666666667 7.466666666666666666666666667 7.333333333333333333333333333 6.826666666666666666666666667 7.5200 6.773333333333333333333333333 5.733333333333333333333333333 5.4400 5.573333333333333333333333333 4.986666666666666666666666667 5.013333333333333333333333333 5.173333333333333333333333333 5.2800 4.7200 4.5600 4.5600 3.893333333333333333333333333 3.9200 4.106666666666666666666666667 4.400 3.786666666666666666666666667 0 
20170220 20089 2734 -2 -2 32.69934162399414776883686906 20.92172640819312362838332114 17.77615215801024140453547915 13.78931967812728602779809802 12.43599122165325530358449159 10.89978054133138258961228969 8.266276517922457937088514996 9.144111192392099487929773226 8.302852962692026335040234089 7.717629846378931967812728603 7.095830285296269202633504023 6.693489392831016825164594001 6.108266276517922457937088515 6.254572055596196049743964887 6.071689831748354059985369422 6.035113386978785662033650329 5.230431602048280907095830285 5.376737381126554498902706657 5.230431602048280907095830285 5.193855157278712509144111192 5.193855157278712509144111192 4.791514264813460131675201170 4.535479151426481346013167520 4.279444038039502560351133870 4.352596927578639356254572056 4.389173372348207754206291149 4.389173372348207754206291149 3.950256035113386978785662034 4.133138258961228968544257498 0 
20170221 18973 2409 -2 -2 33.04275633042756330427563304 20.21585720215857202158572022 16.47986716479867164798671648 12.90992112909921129099211291 11.41552511415525114155251142 10.41926110419261104192611042 9.090909090909090909090909091 9.713574097135740971357409714 8.883354088833540888335408883 7.638024076380240763802407638 6.724782067247820672478206725 6.890826068908260689082606891 5.853051058530510585305105853 5.645496056454960564549605645 5.562474055624740556247405562 5.354919053549190535491905355 5.271897052718970527189705272 4.773765047737650477376504774 5.022831050228310502283105023 4.607721046077210460772104608 4.275633042756330427563304276 4.856787048567870485678704857 4.068078040680780406807804068 4.566210045662100456621004566 4.400166044001660440016604400 3.735990037359900373599003736 3.860523038605230386052303861 4.192611041926110419261104193 3.652968036529680365296803653 0 
20170222 18229 2328 -2 -2 30.97079037800687285223367698 20.36082474226804123711340206 16.06529209621993127147766323 13.40206185567010309278350515 11.59793814432989690721649485 10.18041237113402061855670103 9.750859106529209621993127148 8.848797250859106529209621993 8.032646048109965635738831615 7.216494845360824742268041237 7.087628865979381443298969072 6.743986254295532646048109966 5.756013745704467353951890034 5.541237113402061855670103093 5.498281786941580756013745704 5.240549828178694158075601375 5.111683848797250859106529210 4.682130584192439862542955326 5.197594501718213058419243986 5.068728522336769759450171821 4.810996563573883161512027491 4.252577319587628865979381443 4.682130584192439862542955326 3.823024054982817869415807560 4.123711340206185567010309278 4.252577319587628865979381443 3.608247422680412371134020619 3.608247422680412371134020619 3.608247422680412371134020619 0 
20170223 17644 2223 -2 -2 31.71390013495276653171390013 20.51282051282051282051282051 15.47458389563652721547458390 13.04543409806567701304543410 10.84120557804768331084120558 9.806567701304543409806567701 10.07647323436797121007647323 9.176788124156545209176788124 7.557354925775978407557354926 8.142150247413405308142150247 7.422402159244264507422402159 6.837606837606837606837606838 6.477732793522267206477732794 6.657669815564552406657669816 6.072874493927125506072874494 5.937921727395411605937921727 6.252811515969410706252811516 5.263157894736842105263157895 5.353126405757984705353126406 5.443094916779127305443094917 5.398110661268556005398110661 5.308142150247413405308142150 4.723346828609986504723346829 4.633378317588843904633378318 4.678362573099415204678362573 4.138551506972559604138551507 4.363472784525416104363472785 3.733693207377417903733693207 3.823661718398560503823661718 0 
20170224 17059 1860 -2 -2 30.48387096774193548387096774 18.76344086021505376344086022 13.76344086021505376344086022 11.07526881720430107526881720 11.34408602150537634408602151 9.462365591397849462365591398 8.709677419354838709677419355 7.741935483870967741935483871 7.634408602150537634408602151 7.473118279569892473118279570 6.559139784946236559139784946 6.397849462365591397849462366 6.451612903225806451612903226 5.913978494623655913978494624 5.752688172043010752688172043 5.322580645161290322580645161 4.301075268817204301075268817 3.763440860215053763440860215 4.516129032258064516129032258 4.247311827956989247311827957 4.569892473118279569892473118 4.569892473118279569892473118 4.677419354838709677419354839 3.225806451612903225806451613 4.247311827956989247311827957 3.548387096774193548387096774 3.387096774193548387096774194 3.817204301075268817204301075 3.387096774193548387096774194 0 
20170225 16667 2135 -2 -2 31.66276346604215456674473068 18.87587822014051522248243560 15.64402810304449648711943794 12.55269320843091334894613583 11.00702576112412177985948478 10.30444964871194379391100703 9.836065573770491803278688525 9.367681498829039812646370023 7.400468384074941451990632319 6.838407494145199063231850117 6.276346604215456674473067916 6.557377049180327868852459016 6.182669789227166276346604215 6.229508196721311475409836066 6.229508196721311475409836066 5.152224824355971896955503513 5.620608899297423887587822014 5.011709601873536299765807963 5.011709601873536299765807963 4.543325526932084309133489461 4.824355971896955503512880562 5.292740046838407494145199063 3.653395784543325526932084309 4.074941451990632318501170960 3.700234192037470725995316159 3.466042154566744730679156909 3.653395784543325526932084309 3.278688524590163934426229508 4.074941451990632318501170960 0 
20170226 16169 2236 -2 -2 29.78533094812164579606440072 20.52772808586762075134168157 14.35599284436493738819320215 12.92486583184257602862254025 10.33094812164579606440071556 11.04651162790697674418604651 10.28622540250447227191413238 7.871198568872987477638640429 6.976744186046511627906976744 7.110912343470483005366726297 5.813953488372093023255813953 6.395348837209302325581395349 6.037567084078711985688729875 6.574239713774597495527728086 5.456171735241502683363148479 5.411449016100178890876565295 5.008944543828264758497316637 4.874776386404293381037567084 5.456171735241502683363148479 5.366726296958855098389982111 4.874776386404293381037567084 4.338103756708407871198568873 4.293381037567084078711985689 4.338103756708407871198568873 4.159212880143112701252236136 3.264758497316636851520572451 3.890876565295169946332737030 3.756708407871198568872987478 3.130590339892665474060822898 0 
20170227 14543 1484 -2 -2 31.33423180592991913746630728 21.09164420485175202156334232 15.76819407008086253369272237 13.54447439353099730458221024 11.18598382749326145552560647 9.838274932614555256064690027 9.097035040431266846361185984 7.142857142857142857142857143 6.873315363881401617250673854 6.738544474393530997304582210 6.266846361185983827493261456 5.727762803234501347708894879 5.862533692722371967654986523 5.592991913746630727762803235 4.851752021563342318059299191 5.256064690026954177897574124 4.582210242587601078167115903 5.323450134770889487870619946 4.784366576819407008086253369 4.784366576819407008086253369 4.447439353099730458221024259 4.514824797843665768194070081 4.043126684636118598382749326 4.177897574123989218328840970 4.043126684636118598382749326 3.908355795148247978436657682 3.908355795148247978436657682 3.840970350404312668463611860 3.773584905660377358490566038 0 
20170228 14221 1583 -2 -2 31.58559696778269109286165509 20.34112444725205306380290587 14.97157296272899557801642451 12.31838281743524952621604548 10.92861655085281111813013266 9.728363866077068856601389766 9.222994314592545799115603285 9.096651926721415034744156665 7.643714466203411244472520531 7.706885660138976626658243841 7.770056854074542008843967151 6.822488945041061276058117498 7.075173720783322804801010739 6.759317751105495893872394188 6.190777005685407454200884397 6.506632975363234365129500948 5.180037902716361339229311434 6.190777005685407454200884397 5.180037902716361339229311434 4.864181933038534428300694883 4.864181933038534428300694883 4.737839545167403663929248263 4.358812381554011370814908402 3.916614024005053695514845231 4.169298799747315224257738471 4.485154769425142135186355022 3.916614024005053695514845231 3.727100442198357548957675300 2.905874921036007580543272268 0 
20170301 13655 1252 -2 -2 29.71246006389776357827476038 20.44728434504792332268370607 14.29712460063897763578274760 13.33865814696485623003194888 11.50159744408945686900958466 9.984025559105431309904153355 9.984025559105431309904153355 8.626198083067092651757188498 7.987220447284345047923322684 6.948881789137380191693290735 6.469648562300319488817891374 7.188498402555910543130990415 5.511182108626198083067092652 5.990415335463258785942492013 5.511182108626198083067092652 5.271565495207667731629392971 6.309904153354632587859424920 5.591054313099041533546325879 5.191693290734824281150159744 5.750798722044728434504792332 5.511182108626198083067092652 5.191693290734824281150159744 4.712460063897763578274760383 4.792332268370607028753993610 4.952076677316293929712460064 5.191693290734824281150159744 4.872204472843450479233226837 5.031948881789137380191693291 3.993610223642172523961661342 0 
20170302 12748 763 -2 -2 29.35779816513761467889908257 20.31454783748361730013106160 17.16906946264744429882044561 15.59633027522935779816513761 14.15465268676277850589777195 13.36828309305373525557011796 11.79554390563564875491480996 11.53342070773263433813892529 10.48492791612057667103538663 9.305373525557011795543905636 8.650065530799475753604193971 7.994757536041939711664482307 8.387942332896461336828309305 7.339449541284403669724770642 6.422018348623853211009174312 6.028833551769331585845347313 7.339449541284403669724770642 6.815203145478374836173001311 6.028833551769331585845347313 5.897771952817824377457404980 5.897771952817824377457404980 5.242463958060288335517693316 5.504587155963302752293577982 4.062909567496723460026212320 5.373525557011795543905635649 5.242463958060288335517693316 4.193971166448230668414154653 4.325032765399737876802096986 4.193971166448230668414154653 0 
20170303 12541 952 -2 -2 27.83613445378151260504201681 18.59243697478991596638655462 14.18067226890756302521008403 13.65546218487394957983193277 11.76470588235294117647058824 10.92436974789915966386554622 9.768907563025210084033613445 9.243697478991596638655462185 8.088235294117647058823529412 7.563025210084033613445378151 7.142857142857142857142857143 6.197478991596638655462184874 6.407563025210084033613445378 6.512605042016806722689075630 6.722689075630252100840336134 5.777310924369747899159663866 6.617647058823529411764705882 5.252100840336134453781512605 5.462184873949579831932773109 5.252100840336134453781512605 5.252100840336134453781512605 4.726890756302521008403361345 4.201680672268907563025210084 4.621848739495798319327731092 4.621848739495798319327731092 4.516806722689075630252100840 4.831932773109243697478991597 4.306722689075630252100840336 3.676470588235294117647058824 0 
20170304 12413 1059 -2 -2 27.95089707271010387157695940 16.71388101983002832861189802 13.12559017941454202077431539 11.33144475920679886685552408 9.820585457979225684608120869 10.48158640226628895184135977 9.631728045325779036827195467 8.781869688385269121813031161 7.459867799811142587346553352 6.610009442870632672332389046 7.271010387157695939565627951 6.610009442870632672332389046 6.326723323890462700661000944 7.365439093484419263456090652 6.232294617563739376770538244 5.854579792256846081208687441 5.571293673276676109537299339 4.815864022662889518413597734 5.571293673276676109537299339 5.760151085930122757318224740 4.910292728989612842304060434 4.721435316336166194523135033 4.060434372049102927289896128 4.343720491029272898961284230 4.343720491029272898961284230 4.815864022662889518413597734 3.871576959395656279508970727 4.910292728989612842304060434 4.060434372049102927289896128 0 
20170305 12170 1026 -2 -2 25.24366471734892787524366472 18.90838206627680311890838207 14.71734892787524366471734893 12.18323586744639376218323587 12.28070175438596491228070175 11.30604288499025341130604288 11.50097465886939571150097466 8.089668615984405458089668616 8.284600389863547758284600390 7.602339181286549707602339181 7.212475633528265107212475634 7.894736842105263157894736842 7.797270955165692007797270955 8.479532163742690058479532164 6.725146198830409356725146199 6.530214424951267056530214425 6.725146198830409356725146199 6.920077972709551656920077973 5.653021442495126705653021442 5.653021442495126705653021442 5.263157894736842105263157895 4.678362573099415204678362573 4.873294346978557504873294347 3.898635477582846003898635478 4.580896686159844054580896686 4.775828460038986354775828460 4.580896686159844054580896686 4.093567251461988304093567251 3.021442495126705653021442495 0 
20170306 11000 721 -2 -2 31.90013869625520110957004161 21.49791955617198335644937587 16.50485436893203883495145631 14.84049930651872399445214979 13.31484049930651872399445215 11.23439667128987517337031900 9.570041608876560332871012483 8.183079056865464632454923717 7.905686546463245492371705964 9.153952843273231622746185853 8.321775312066574202496532594 8.460471567267683772538141470 7.073509015256588072122052705 7.489597780859916782246879334 5.825242718446601941747572816 4.576976421636615811373092926 5.270457697642163661581137309 6.241331484049930651872399445 4.993065187239944521497919556 4.576976421636615811373092926 4.438280166435506241331484050 3.606102635228848821081830791 4.715672676837725381414701803 4.299583911234396671289875173 4.438280166435506241331484050 4.022191400832177531206657420 3.328710124826629680998613037 3.606102635228848821081830791 4.715672676837725381414701803 0 
20170307 10790 614 -2 -2 27.52442996742671009771986971 21.00977198697068403908794788 16.77524429967426710097719870 13.35504885993485342019543974 12.54071661237785016286644951 11.07491856677524429967426710 12.05211726384364820846905537 9.771986970684039087947882736 10.26058631921824104234527687 8.469055374592833876221498371 7.980456026058631921824104235 8.794788273615635179153094463 7.166123778501628664495114007 7.980456026058631921824104235 7.654723127035830618892508143 6.351791530944625407166123779 7.166123778501628664495114007 6.026058631921824104234527687 5.048859934853420195439739414 5.700325732899022801302931596 4.234527687296416938110749186 4.560260586319218241042345277 4.234527687296416938110749186 4.560260586319218241042345277 3.908794788273615635179153094 3.420195439739413680781758958 3.745928338762214983713355049 3.908794788273615635179153094 3.745928338762214983713355049 0 
20170308 10564 615 -2 -2 28.13008130081300813008130081 18.37398373983739837398373984 13.98373983739837398373983740 12.35772357723577235772357724 10.89430894308943089430894309 10.40650406504065040650406504 10.73170731707317073170731707 8.943089430894308943089430894 8.780487804878048780487804878 7.154471544715447154471544715 7.154471544715447154471544715 6.341463414634146341463414634 5.853658536585365853658536585 6.829268292682926829268292683 6.666666666666666666666666667 6.504065040650406504065040650 5.040650406504065040650406504 6.178861788617886178861788618 4.390243902439024390243902439 5.040650406504065040650406504 5.040650406504065040650406504 4.715447154471544715447154472 5.528455284552845528455284553 5.365853658536585365853658537 3.902439024390243902439024390 4.552845528455284552845528455 4.878048780487804878048780488 4.390243902439024390243902439 4.065040650406504065040650407 0 
20170309 10506 807 -2 -2 29.61586121437422552664188352 17.84386617100371747211895911 15.11771995043370508054522924 10.53283767038413878562577447 10.90458488228004956629491945 9.293680297397769516728624535 9.417596034696406443618339529 7.806691449814126394052044610 7.558859975216852540272614622 7.558859975216852540272614622 5.700123915737298636926889715 7.311028500619578686493184634 6.071871127633209417596034696 6.691449814126394052044609665 6.443618339529120198265179678 5.452292441140024783147459727 5.080545229244114002478314746 4.584882280049566294919454771 4.213135068153655514250309789 4.956629491945477075588599752 4.089219330855018587360594796 2.973977695167286245353159851 2.973977695167286245353159851 3.965303593556381660470879802 4.337050805452292441140024783 3.593556381660470879801734820 3.841387856257744733581164808 2.726146220570012391573729864 2.973977695167286245353159851 0 
20170310 10675 904 -2 -2 26.21681415929203539823008850 16.15044247787610619469026549 13.16371681415929203539823009 10.39823008849557522123893805 10.06637168141592920353982301 8.407079646017699115044247788 8.517699115044247787610619469 9.070796460176991150442477876 7.411504424778761061946902655 6.526548672566371681415929204 6.305309734513274336283185841 5.862831858407079646017699115 5.420353982300884955752212389 4.977876106194690265486725664 4.314159292035398230088495575 4.203539823008849557522123894 4.867256637168141592920353982 4.756637168141592920353982301 3.982300884955752212389380531 4.314159292035398230088495575 4.424778761061946902654867257 4.424778761061946902654867257 2.765486725663716814159292035 3.761061946902654867256637168 3.429203539823008849557522124 3.539823008849557522123893805 3.318584070796460176991150442 3.650442477876106194690265487 2.876106194690265486725663717 0 
20170311 10592 1038 -2 -2 26.20423892100192678227360308 14.54720616570327552986512524 12.42774566473988439306358382 10.40462427745664739884393064 8.959537572254335260115606936 7.514450867052023121387283237 8.477842003853564547206165703 7.129094412331406551059730250 5.684007707129094412331406551 5.587668593448940269749518304 5.298651252408477842003853565 5.009633911368015414258188825 5.587668593448940269749518304 5.491329479768786127167630058 4.624277456647398843930635838 4.142581888246628131021194605 3.660886319845857418111753372 4.335260115606936416184971098 3.660886319845857418111753372 3.660886319845857418111753372 3.757225433526011560693641618 3.564547206165703275529865125 3.082851637764932562620423892 3.564547206165703275529865125 3.179190751445086705202312139 2.793834296724470134874759152 3.082851637764932562620423892 2.793834296724470134874759152 2.601156069364161849710982659 0 
20170312 10310 907 -2 -2 24.91730981256890848952590959 17.75082690187431091510474090 12.56890848952590959206174201 12.01764057331863285556780595 10.91510474090407938257993385 11.02535832414553472987872106 9.812568908489525909592061742 8.599779492833517089305402426 8.158765159867695700110253583 6.615214994487320837927232635 6.725468577728776185226019846 7.056229327453142227122381477 6.394707828004410143329658214 7.056229327453142227122381477 4.961411245865490628445424476 5.292171995589856670341786108 5.402425578831312017640573319 4.410143329658213891951488423 5.512679162072767364939360529 4.961411245865490628445424476 5.512679162072767364939360529 3.858875413450937155457552370 4.410143329658213891951488423 3.417861080485115766262403528 3.638368246968026460859977949 4.079382579933847850055126792 3.528114663726571113561190739 4.079382579933847850055126792 3.307607497243660418963616318 0 
20170313 9585 622 -2 -2 29.09967845659163987138263666 19.93569131832797427652733119 15.75562700964630225080385852 13.82636655948553054662379421 11.09324758842443729903536977 11.57556270096463022508038585 11.09324758842443729903536977 10.77170418006430868167202572 9.003215434083601286173633441 9.324758842443729903536977492 8.360128617363344051446945338 8.360128617363344051446945338 8.681672025723472668810289389 9.324758842443729903536977492 8.038585209003215434083601286 7.556270096463022508038585209 6.270096463022508038585209003 6.270096463022508038585209003 6.270096463022508038585209003 6.752411575562700964630225080 5.627009646302250803858520900 5.305466237942122186495176849 4.983922829581993569131832797 4.180064308681672025723472669 4.019292604501607717041800643 4.180064308681672025723472669 4.501607717041800643086816720 4.019292604501607717041800643 3.376205787781350482315112540 707 
20170314 9308 586 -2 -2 29.01023890784982935153583618 17.74744027303754266211604096 15.01706484641638225255972696 11.09215017064846416382252560 9.897610921501706484641638225 8.361774744027303754266211604 7.849829351535836177474402730 8.873720136518771331058020478 6.825938566552901023890784983 6.655290102389078498293515358 6.996587030716723549488054608 6.996587030716723549488054608 5.290102389078498293515358362 4.778156996587030716723549488 4.095563139931740614334470990 4.778156996587030716723549488 5.460750853242320819112627986 4.778156996587030716723549488 5.119453924914675767918088737 4.778156996587030716723549488 3.583617747440273037542662116 3.242320819112627986348122867 4.266211604095563139931740614 4.948805460750853242320819113 3.583617747440273037542662116 3.754266211604095563139931741 3.242320819112627986348122867 2.559726962457337883959044369 3.412969283276450511945392491 675 
20170315 9231 683 -2 -2 29.13616398243045387994143485 18.15519765739385065885797950 14.64128843338213762811127379 13.17715959004392386530014641 10.68814055636896046852122987 10.54172767203513909224011713 9.663250366032210834553440703 8.638360175695461200585651537 7.906295754026354319180087848 7.759882869692532942898975110 6.295754026354319180087847731 7.027818448023426061493411420 6.002928257686676427525622255 7.027818448023426061493411420 5.563689604685212298682284041 5.270863836017569546120058565 4.978038067349926793557833089 4.831625183016105417276720351 5.124450951683748169838945827 4.245973645680819912152269400 3.953147877013177159590043924 3.806734992679355783308931186 3.806734992679355783308931186 4.245973645680819912152269400 3.221083455344070278184480234 4.245973645680819912152269400 4.538799414348462664714494876 3.660322108345534407027818448 3.367496339677891654465592972 648 
20170316 9060 726 -2 -2 29.61432506887052341597796143 19.83471074380165289256198347 15.15151515151515151515151515 11.29476584022038567493112948 11.01928374655647382920110193 10.05509641873278236914600551 7.851239669421487603305785124 8.402203856749311294765840220 8.126721763085399449035812672 7.024793388429752066115702479 6.473829201101928374655647383 6.887052341597796143250688705 6.749311294765840220385674931 5.922865013774104683195592287 5.371900826446280991735537190 5.922865013774104683195592287 5.096418732782369146005509642 4.958677685950413223140495868 4.269972451790633608815426997 4.545454545454545454545454545 4.683195592286501377410468320 5.509641873278236914600550964 3.856749311294765840220385675 3.305785123966942148760330579 3.856749311294765840220385675 3.443526170798898071625344353 3.719008264462809917355371901 4.407713498622589531680440771 3.168044077134986225895316804 608 
20170317 9128 674 -2 -2 29.37685459940652818991097923 17.21068249258160237388724036 13.35311572700296735905044510 12.61127596439169139465875371 10.38575667655786350148367953 9.940652818991097922848664688 10.08902077151335311572700297 7.715133531157270029673590504 7.121661721068249258160237389 6.824925816023738872403560831 6.973293768545994065281899110 6.528189910979228486646884273 5.934718100890207715133531157 6.231454005934718100890207715 5.637982195845697329376854599 5.044510385756676557863501484 4.005934718100890207715133531 4.154302670623145400593471810 4.896142433234421364985163205 5.489614243323442136498516320 4.896142433234421364985163205 4.154302670623145400593471810 4.005934718100890207715133531 4.005934718100890207715133531 4.154302670623145400593471810 3.857566765578635014836795252 4.154302670623145400593471810 3.412462908011869436201780415 4.005934718100890207715133531 611 
20170318 9381 620 -2 -2 24.67741935483870967741935484 12.25806451612903225806451613 13.22580645161290322580645161 10.16129032258064516129032258 9.838709677419354838709677419 9.032258064516129032258064516 6.290322580645161290322580645 5.483870967741935483870967742 5.806451612903225806451612903 5.967741935483870967741935484 4.838709677419354838709677419 5.00 5.00 4.838709677419354838709677419 4.516129032258064516129032258 4.516129032258064516129032258 4.193548387096774193548387097 3.709677419354838709677419355 3.870967741935483870967741935 3.709677419354838709677419355 4.354838709677419354838709677 3.064516129032258064516129032 3.225806451612903225806451613 3.870967741935483870967741935 2.903225806451612903225806452 3.225806451612903225806451613 2.903225806451612903225806452 2.903225806451612903225806452 4.032258064516129032258064516 629 
20170319 9073 630 -2 -2 23.01587301587301587301587302 15.71428571428571428571428571 11.42857142857142857142857143 11.11111111111111111111111111 10.0 8.253968253968253968253968254 7.777777777777777777777777778 6.190476190476190476190476190 6.666666666666666666666666667 5.714285714285714285714285714 6.507936507936507936507936508 6.031746031746031746031746032 5.079365079365079365079365079 4.126984126984126984126984127 3.968253968253968253968253968 4.920634920634920634920634921 3.968253968253968253968253968 3.968253968253968253968253968 2.698412698412698412698412698 2.698412698412698412698412698 2.539682539682539682539682540 2.380952380952380952380952381 3.333333333333333333333333333 3.174603174603174603174603175 2.380952380952380952380952381 2.857142857142857142857142857 2.222222222222222222222222222 3.015873015873015873015873016 3.174603174603174603174603175 570 
20170320 8420 568 -2 -2 24.11971830985915492957746479 16.72535211267605633802816901 11.26760563380281690140845070 11.09154929577464788732394366 7.570422535211267605633802817 7.042253521126760563380281690 6.866197183098591549295774648 5.809859154929577464788732394 4.753521126760563380281690141 6.866197183098591549295774648 4.929577464788732394366197183 3.873239436619718309859154930 3.697183098591549295774647887 3.873239436619718309859154930 4.401408450704225352112676056 3.169014084507042253521126761 3.521126760563380281690140845 3.169014084507042253521126761 3.345070422535211267605633803 3.169014084507042253521126761 4.225352112676056338028169014 2.816901408450704225352112676 2.640845070422535211267605634 2.992957746478873239436619718 3.345070422535211267605633803 2.992957746478873239436619718 1.760563380281690140845070423 2.992957746478873239436619718 1.760563380281690140845070423 496 
20170321 8339 504 -2 -2 32.14285714285714285714285714 22.42063492063492063492063492 15.47619047619047619047619048 12.69841269841269841269841270 10.71428571428571428571428571 10.31746031746031746031746032 10.91269841269841269841269841 9.325396825396825396825396825 8.134920634920634920634920635 7.539682539682539682539682540 7.936507936507936507936507937 6.547619047619047619047619048 8.134920634920634920634920635 7.142857142857142857142857143 6.944444444444444444444444444 6.746031746031746031746031746 5.555555555555555555555555556 5.555555555555555555555555556 4.563492063492063492063492063 4.563492063492063492063492063 5.555555555555555555555555556 3.769841269841269841269841270 4.563492063492063492063492063 5.158730158730158730158730159 4.166666666666666666666666667 3.373015873015873015873015873 3.769841269841269841269841270 3.968253968253968253968253968 3.571428571428571428571428571 521 
20170322 8041 465 -2 -2 25.16129032258064516129032258 12.68817204301075268817204301 10.32258064516129032258064516 10.10752688172043010752688172 10.32258064516129032258064516 9.247311827956989247311827957 6.451612903225806451612903226 8.387096774193548387096774194 6.881720430107526881720430108 5.806451612903225806451612903 6.881720430107526881720430108 4.946236559139784946236559140 5.591397849462365591397849462 5.161290322580645161290322581 4.946236559139784946236559140 5.161290322580645161290322581 4.946236559139784946236559140 4.946236559139784946236559140 3.655913978494623655913978495 3.655913978494623655913978495 3.870967741935483870967741935 4.301075268817204301075268817 3.870967741935483870967741935 3.440860215053763440860215054 3.225806451612903225806451613 3.870967741935483870967741935 2.150537634408602150537634409 2.365591397849462365591397849 2.795698924731182795698924731 441 
20170323 7865 395 -2 -2 25.56962025316455696202531646 14.93670886075949367088607595 13.16455696202531645569620253 12.91139240506329113924050633 10.37974683544303797468354430 8.354430379746835443037974684 9.620253164556962025316455696 8.354430379746835443037974684 9.367088607594936708860759494 7.848101265822784810126582278 6.582278481012658227848101266 6.835443037974683544303797468 6.329113924050632911392405063 6.075949367088607594936708861 7.088607594936708860759493671 6.329113924050632911392405063 4.556962025316455696202531646 6.075949367088607594936708861 5.316455696202531645569620253 4.050632911392405063291139241 3.544303797468354430379746835 3.544303797468354430379746835 3.544303797468354430379746835 3.291139240506329113924050633 3.797468354430379746835443038 4.810126582278481012658227848 4.303797468354430379746835443 4.556962025316455696202531646 2.278481012658227848101265823 448 
20170324 7644 450 -2 -2 25.11111111111111111111111111 13.77777777777777777777777778 13.33333333333333333333333333 12.00 10.66666666666666666666666667 8.222222222222222222222222222 8.444444444444444444444444444 7.777777777777777777777777778 6.444444444444444444444444444 7.555555555555555555555555556 6.666666666666666666666666667 6.888888888888888888888888889 6.666666666666666666666666667 6.666666666666666666666666667 7.777777777777777777777777778 5.777777777777777777777777778 6.00 5.777777777777777777777777778 6.888888888888888888888888889 5.111111111111111111111111111 6.444444444444444444444444444 4.888888888888888888888888889 4.888888888888888888888888889 3.777777777777777777777777778 3.555555555555555555555555556 5.555555555555555555555555556 5.555555555555555555555555556 3.555555555555555555555555556 4.00 505 
20170325 7624 563 -2 -2 29.48490230905861456483126110 15.63055062166962699822380107 15.09769094138543516873889876 12.25577264653641207815275311 11.19005328596802841918294849 11.90053285968028419182948490 11.01243339253996447602131439 8.525754884547069271758436945 8.880994671403197158081705151 7.637655417406749555950266430 6.394316163410301953818827709 6.216696269982238010657193606 6.927175843694493783303730018 5.683836589698046181172291297 5.861456483126110124333925400 5.683836589698046181172291297 4.618117229129662522202486679 5.150976909413854351687388988 5.506216696269982238010657194 4.440497335701598579040852575 5.328596802841918294849023091 4.618117229129662522202486679 4.262877442273534635879218472 3.730017761989342806394316163 3.907637655417406749555950266 4.262877442273534635879218472 3.197158081705150976909413854 4.262877442273534635879218472 3.019538188277087033747779751 377 
20170326 7369 486 -2 -2 22.83950617283950617283950617 14.60905349794238683127572016 12.75720164609053497942386831 9.670781893004115226337448560 10.49382716049382716049382716 8.230452674897119341563786008 8.024691358024691358024691358 5.967078189300411522633744856 4.320987654320987654320987654 4.115226337448559670781893004 5.349794238683127572016460905 5.761316872427983539094650206 5.555555555555555555555555556 4.732510288065843621399176955 4.938271604938271604938271605 4.732510288065843621399176955 3.703703703703703703703703704 3.086419753086419753086419753 3.497942386831275720164609053 4.320987654320987654320987654 2.880658436213991769547325103 2.880658436213991769547325103 3.497942386831275720164609053 3.292181069958847736625514403 2.880658436213991769547325103 2.469135802469135802469135802 2.880658436213991769547325103 2.469135802469135802469135802 0 379 
20170327 7027 414 -2 -2 29.95169082125603864734299517 17.39130434782608695652173913 17.14975845410628019323671498 16.18357487922705314009661836 12.80193236714975845410628019 12.07729468599033816425120773 11.11111111111111111111111111 7.004830917874396135265700483 7.971014492753623188405797101 8.454106280193236714975845411 7.487922705314009661835748792 7.004830917874396135265700483 6.280193236714975845410628019 5.555555555555555555555555556 5.797101449275362318840579710 5.555555555555555555555555556 5.555555555555555555555555556 6.521739130434782608695652174 6.038647342995169082125603865 5.555555555555555555555555556 5.314009661835748792270531401 4.106280193236714975845410628 4.347826086956521739130434783 5.072463768115942028985507246 4.589371980676328502415458937 3.864734299516908212560386473 4.106280193236714975845410628 0 0 399 
20170328 6955 387 -2 -2 31.00775193798449612403100775 21.96382428940568475452196382 16.27906976744186046511627907 16.02067183462532299741602067 9.819121447028423772609819121 12.14470284237726098191214470 11.11111111111111111111111111 11.62790697674418604651162791 7.751937984496124031007751938 6.459948320413436692506459948 9.560723514211886304909560724 9.043927648578811369509043928 8.785529715762273901808785530 9.302325581395348837209302326 8.010335917312661498708010336 6.201550387596899224806201550 6.459948320413436692506459948 5.943152454780361757105943152 5.426356589147286821705426357 5.167958656330749354005167959 5.943152454780361757105943152 5.943152454780361757105943152 6.459948320413436692506459948 4.651162790697674418604651163 4.909560723514211886304909561 3.617571059431524547803617571 0 0 0 361 
20170329 6697 371 -2 -2 30.72776280323450134770889488 14.82479784366576819407008086 14.82479784366576819407008086 11.05121293800539083557951482 11.59029649595687331536388140 8.625336927223719676549865229 8.894878706199460916442048518 9.164420485175202156334231806 8.355795148247978436657681941 7.816711590296495956873315364 8.086253369272237196765498652 7.008086253369272237196765499 6.469002695417789757412398922 5.121293800539083557951482480 7.008086253369272237196765499 7.008086253369272237196765499 3.773584905660377358490566038 6.199460916442048517520215633 6.199460916442048517520215633 5.121293800539083557951482480 4.043126684636118598382749326 5.390835579514824797843665768 4.582210242587601078167115903 3.234501347708894878706199461 4.582210242587601078167115903 0 0 0 0 335 
20170330 6693 385 -2 -2 31.42857142857142857142857143 19.48051948051948051948051948 14.28571428571428571428571429 13.76623376623376623376623377 11.94805194805194805194805195 11.68831168831168831168831169 8.831168831168831168831168831 8.571428571428571428571428571 8.311688311688311688311688312 8.571428571428571428571428571 9.090909090909090909090909091 7.792207792207792207792207792 7.272727272727272727272727273 8.571428571428571428571428571 5.974025974025974025974025974 7.012987012987012987012987013 5.454545454545454545454545455 5.454545454545454545454545455 5.454545454545454545454545455 5.454545454545454545454545455 5.194805194805194805194805195 5.714285714285714285714285714 4.675324675324675324675324675 4.155844155844155844155844156 0 0 0 0 0 340 
20170331 6629 427 -2 -2 24.12177985948477751756440281 14.05152224824355971896955504 13.11475409836065573770491803 10.53864168618266978922716628 6.791569086651053864168618267 6.323185011709601873536299766 7.494145199063231850117096019 4.215456674473067915690866511 7.259953161592505854800936768 5.152224824355971896955503513 4.683840749414519906323185012 4.683840749414519906323185012 3.981264637002341920374707260 4.683840749414519906323185012 4.683840749414519906323185012 4.918032786885245901639344262 4.918032786885245901639344262 4.449648711943793911007025761 3.747072599531615925058548009 3.747072599531615925058548009 4.215456674473067915690866511 3.278688524590163934426229508 2.576112412177985948477751756 0 0 0 0 0 0 300 
20170401 6646 544 -2 -2 29.41176470588235294117647059 17.46323529411764705882352941 11.94852941176470588235294118 12.500 9.558823529411764705882352941 7.352941176470588235294117647 7.904411764705882352941176471 6.433823529411764705882352941 5.330882352941176470588235294 6.433823529411764705882352941 5.514705882352941176470588235 7.169117647058823529411764706 6.066176470588235294117647059 4.595588235294117647058823529 4.595588235294117647058823529 4.044117647058823529411764706 4.227941176470588235294117647 2.757352941176470588235294118 4.595588235294117647058823529 3.676470588235294117647058824 3.676470588235294117647058824 4.595588235294117647058823529 0 0 0 0 0 0 0 357 
20170402 6494 589 -2 -2 23.59932088285229202037351443 15.78947368421052631578947368 11.88455008488964346349745331 11.88455008488964346349745331 10.18675721561969439728353141 8.998302207130730050933786078 9.337860780984719864176570458 7.300509337860780984719864177 6.451612903225806451612903226 6.791171477079796264855687606 6.621392190152801358234295416 7.130730050933786078098471986 7.300509337860780984719864177 5.772495755517826825127334465 5.432937181663837011884550085 3.735144312393887945670628183 3.735144312393887945670628183 3.904923599320882852292020374 4.414261460101867572156196944 4.414261460101867572156196944 4.244482173174872665534804754 0 0 0 0 0 0 0 0 300 
20170403 6226 465 -2 -2 24.30107526881720430107526882 15.05376344086021505376344086 11.18279569892473118279569892 9.677419354838709677419354839 9.462365591397849462365591398 8.817204301075268817204301075 6.451612903225806451612903226 7.096774193548387096774193548 5.591397849462365591397849462 5.591397849462365591397849462 4.946236559139784946236559140 6.021505376344086021505376344 6.236559139784946236559139785 4.516129032258064516129032258 4.731182795698924731182795699 5.376344086021505376344086022 4.731182795698924731182795699 5.161290322580645161290322581 4.946236559139784946236559140 3.655913978494623655913978495 0 0 0 0 0 0 0 0 0 356 
20170404 5978 403 -2 -2 21.83622828784119106699751861 15.38461538461538461538461538 14.88833746898263027295285360 9.925558312655086848635235732 8.436724565756823821339950372 8.933002481389578163771712159 7.444168734491315136476426799 7.196029776674937965260545906 5.459057071960297766749379653 4.466501240694789081885856079 5.459057071960297766749379653 4.218362282878411910669975186 5.707196029776674937965260546 3.970223325062034739454094293 3.473945409429280397022332506 4.962779156327543424317617866 5.459057071960297766749379653 3.970223325062034739454094293 3.225806451612903225806451613 0 0 0 0 0 0 0 0 0 0 290 
20170405 5695 278 -2 -2 26.61870503597122302158273381 17.26618705035971223021582734 12.94964028776978417266187050 11.15107913669064748201438849 7.553956834532374100719424460 8.992805755395683453237410072 7.553956834532374100719424460 6.834532374100719424460431655 7.553956834532374100719424460 7.194244604316546762589928058 5.395683453237410071942446043 6.474820143884892086330935252 4.316546762589928057553956835 5.035971223021582733812949640 5.035971223021582733812949640 5.035971223021582733812949640 4.316546762589928057553956835 4.316546762589928057553956835 0 0 0 0 0 0 0 0 0 0 0 262 
20170406 5589 315 -2 -2 28.88888888888888888888888889 21.58730158730158730158730159 18.73015873015873015873015873 15.55555555555555555555555556 13.01587301587301587301587302 13.65079365079365079365079365 11.11111111111111111111111111 11.42857142857142857142857143 8.888888888888888888888888889 9.523809523809523809523809524 8.888888888888888888888888889 10.15873015873015873015873016 6.666666666666666666666666667 8.888888888888888888888888889 7.619047619047619047619047619 7.936507936507936507936507937 6.984126984126984126984126984 0 0 0 0 0 0 0 0 0 0 0 0 253 
20170407 5867 497 -2 -2 31.38832997987927565392354125 17.10261569416498993963782696 13.68209255533199195171026157 10.26156941649899396378269618 9.054325955734406438631790744 9.255533199195171026156941650 8.651911468812877263581488934 8.450704225352112676056338028 5.835010060362173038229376258 7.243460764587525150905432596 7.645875251509054325955734406 6.036217303822937625754527163 6.438631790744466800804828974 6.639839034205231388329979879 6.036217303822937625754527163 4.627766599597585513078470825 0 0 0 0 0 0 0 0 0 0 0 0 0 307 
20170408 5612 472 -2 -2 25.00 12.28813559322033898305084746 11.22881355932203389830508475 8.686440677966101694915254237 8.262711864406779661016949153 6.991525423728813559322033898 6.355932203389830508474576271 5.084745762711864406779661017 5.084745762711864406779661017 5.296610169491525423728813559 4.661016949152542372881355932 4.025423728813559322033898305 4.872881355932203389830508475 4.449152542372881355932203390 5.084745762711864406779661017 0 0 0 0 0 0 0 0 0 0 0 0 0 0 243 
20170409 5659 493 -2 -2 22.51521298174442190669371197 13.99594320486815415821501014 10.14198782961460446247464503 7.910750507099391480730223124 4.868154158215010141987829615 5.882352941176470588235294118 6.288032454361054766734279919 4.868154158215010141987829615 3.853955375253549695740365112 4.056795131845841784989858012 3.651115618661257606490872211 3.651115618661257606490872211 4.462474645030425963488843813 4.259634888438133874239350913 0 0 0 0 0 0 0 0 0 0 0 0 0 0 0 350 
20170410 5362 427 -2 -2 28.33723653395784543325526932 15.92505854800936768149882904 12.17798594847775175644028103 9.367681498829039812646370023 8.196721311475409836065573770 7.259953161592505854800936768 7.025761124121779859484777518 5.854800936768149882903981265 6.088992974238875878220140515 4.683840749414519906323185012 4.918032786885245901639344262 6.088992974238875878220140515 4.215456674473067915690866511 0 0 0 0 0 0 0 0 0 0 0 0 0 0 0 0 261 
20170411 5382 530 -2 -2 30.0 18.86792452830188679245283019 15.28301886792452830188679245 11.88679245283018867924528302 9.245283018867924528301886792 10.0 9.433962264150943396226415094 7.547169811320754716981132075 8.113207547169811320754716981 7.735849056603773584905660377 8.679245283018867924528301887 7.735849056603773584905660377 0 0 0 0 0 0 0 0 0 0 0 0 0 0 0 0 0 248 
20170412 5262 531 -2 -2 28.43691148775894538606403013 20.33898305084745762711864407 13.74764595103578154425612053 10.35781544256120527306967985 10.54613935969868173258003766 7.909604519774011299435028249 7.909604519774011299435028249 7.156308851224105461393596987 8.097928436911487758945386064 8.474576271186440677966101695 7.909604519774011299435028249 0 0 0 0 0 0 0 0 0 0 0 0 0 0 0 0 0 0 207 
20170413 5246 373 -2 -2 30.83109919571045576407506702 17.69436997319034852546916890 15.54959785522788203753351206 12.33243967828418230563002681 10.72386058981233243967828418 10.18766756032171581769436997 9.383378016085790884718498660 7.774798927613941018766756032 6.702412868632707774798927614 5.630026809651474530831099196 0 0 0 0 0 0 0 0 0 0 0 0 0 0 0 0 0 0 0 241 
20170414 5206 453 -2 -2 28.91832229580573951434878587 13.02428256070640176600441501 11.03752759381898454746136865 7.947019867549668874172185430 8.609271523178807947019867550 6.401766004415011037527593819 8.167770419426048565121412804 5.298013245033112582781456954 6.843267108167770419426048565 0 0 0 0 0 0 0 0 0 0 0 0 0 0 0 0 0 0 0 0 204 
20170415 5058 549 -2 -2 26.41165755919854280510018215 13.84335154826958105646630237 11.29326047358834244080145719 10.20036429872495446265938069 9.471766848816029143897996357 8.196721311475409836065573770 8.925318761384335154826958106 8.196721311475409836065573770 0 0 0 0 0 0 0 0 0 0 0 0 0 0 0 0 0 0 0 0 0 201 
20170416 5033 531 -2 -2 25.98870056497175141242937853 16.57250470809792843691148776 10.54613935969868173258003766 9.981167608286252354048964218 8.286252354048964218455743879 9.039548022598870056497175141 9.416195856873822975517890772 0 0 0 0 0 0 0 0 0 0 0 0 0 0 0 0 0 0 0 0 0 0 230 
20170417 4901 421 -2 -2 26.36579572446555819477434679 16.86460807600950118764845606 14.48931116389548693586698337 11.40142517814726840855106888 10.21377672209026128266033254 8.788598574821852731591448931 0 0 0 0 0 0 0 0 0 0 0 0 0 0 0 0 0 0 0 0 0 0 0 235 
20170418 4880 460 -2 -2 31.52173913043478260869565217 18.69565217391304347826086957 14.78260869565217391304347826 11.73913043478260869565217391 10.65217391304347826086956522 0 0 0 0 0 0 0 0 0 0 0 0 0 0 0 0 0 0 0 0 0 0 0 0 221 
20170419 4783 384 -2 -2 29.94791666666666666666666667 23.17708333333333333333333333 16.4062500 13.02083333333333333333333333 0 0 0 0 0 0 0 0 0 0 0 0 0 0 0 0 0 0 0 0 0 0 0 0 0 202 
20170420 4908 453 -2 -2 26.26931567328918322295805740 18.32229580573951434878587196 11.92052980132450331125827815 0 0 0 0 0 0 0 0 0 0 0 0 0 0 0 0 0 0 0 0 0 0 0 0 0 0 286 
20170421 4776 484 -2 -2 27.47933884297520661157024793 17.14876033057851239669421488 0 0 0 0 0 0 0 0 0 0 0 0 0 0 0 0 0 0 0 0 0 0 0 0 0 0 0 204 
20170422 4928 551 -2 -2 28.31215970961887477313974592 0 0 0 0 0 0 0 0 0 0 0 0 0 0 0 0 0 0 0 0 0 0 0 0 0 0 0 0 227 
20170423 4839 518 -2 -2 0 0 0 0 0 0 0 0 0 0 0 0 0 0 0 0 0 0 0 0 0 0 0 0 0 0 0 0 0 182 
