uid: 1074032:
[15, 20, 51, 63, 69, 85, 95, 99, 107, 113, 134, 147, 152, 160, 184, 225, 228]
uid: 1092697:
[26, 768]
uid: 1098405:
[86, 129]
uid: 1106215:
[1534]
uid: 1119027:
[1, 12, 13, 13, 22, 28, 66, 193, 219, 396, 401]
uid: 1172048:
[10, 16, 34, 44, 56, 67]
uid: 1176763:
[18, 74, 214]
uid: 1206501:
[143]
uid: 1229471:
[3, 47]
uid: 1233760:
[26, 79, 129, 133, 690]
uid: 1241738:
[28, 176, 294]
uid: 1242310:
[12, 196, 242]
uid: 1256402:
[30, 50]
uid: 1259564:
[1, 23, 68, 69, 80, 80, 80, 80]
uid: 1278063:
[50]
uid: 1279250:
[22, 25, 56, 58, 71, 74, 123, 138, 142, 144, 146, 198, 241, 270, 275, 322, 375]
uid: 1282989:
[555]
uid: 1288173:
[1, 16, 65, 111, 134]
uid: 1292355:
[2, 11, 31, 165, 889, 4994]
uid: 1293867:
[71]
uid: 1295026:
[30, 163, 634]
uid: 1297122:
[126, 740, 1163, 1256]
uid: 1297150:
[25, 47, 752]
uid: 1297649:
[344, 2163, 3282]
uid: 1303182:
[5, 5, 5, 5, 5, 5, 10, 10, 10, 12, 19, 20, 25, 25, 25, 25, 25, 27, 27, 30, 30, 30, 33, 35, 35, 37, 39, 41, 43, 46, 46, 50, 50, 53, 55, 56, 56, 58, 68, 70, 70, 75]
uid: 1304580:
[15, 19]
uid: 1307120:
[38, 90, 151, 461, 746, 1080]
uid: 1310493:
[124]
uid: 1323360:
[50]
uid: 1323936:
[26, 66, 352]
uid: 1324813:
[22, 38, 60]
uid: 1328280:
[10, 10, 10, 10, 15, 16, 20, 20, 25, 25, 26, 28, 28, 30, 50, 55, 57, 66, 101, 101, 132, 173, 198, 210, 231, 449]
uid: 1337755:
[7, 8, 42, 49, 60, 85, 110, 159, 190, 207, 311]
uid: 1338099:
[1, 30, 962, 2447, 5624, 5632]
uid: 1340596:
[3, 45, 108, 112, 202, 267]
uid: 1347741:
[14, 52, 71, 73, 80, 80, 88, 90]
uid: 1354791:
[18, 29, 96, 101, 2420]
uid: 1371278:
[247]
uid: 1372875:
[85, 127, 1167]
uid: 1372890:
[647, 1152]
uid: 1373412:
[326]
uid: 1375646:
[67]
uid: 1376272:
[5, 13, 13, 36, 80, 110, 6500, 12286]
uid: 1377312:
[71, 121, 1192]
uid: 1378468:
[539]
uid: 1382557:
[570]
uid: 1386028:
[682, 1190]
uid: 1389344:
[683, 1820, 7287, 9901]
uid: 1396088:
[2606]
uid: 1398412:
[1654]
uid: 1399903:
[13, 13, 33, 34, 34, 57, 62, 179]
uid: 1400076:
[200]
uid: 1400732:
[11, 11, 13, 20, 22, 28, 38, 39, 46, 49, 53, 54, 57, 58, 59, 63, 69, 71, 78, 91, 93, 93, 98, 99, 101, 101, 102, 103, 103, 105, 108, 111, 115, 116, 123, 125, 132, 266, 938, 1562, 3535]
uid: 1408165:
[7, 19, 174, 200, 221, 236, 320, 460, 485, 509, 549, 595, 790, 895, 994, 1701]
uid: 1408613:
[1, 1, 3, 21, 37, 40, 45, 45, 46, 51, 51, 52, 52, 58, 61, 67, 69, 73, 73, 81, 93, 102, 115, 125, 141, 142, 186, 194, 252, 290, 316, 318, 329, 370, 558, 562, 643, 701]
uid: 1410386:
[32, 40, 73, 98, 141, 195, 287]
uid: 1410521:
[2, 537, 11794]
uid: 1410778:
[50]
uid: 1411750:
[2, 6, 11, 28, 31, 32, 43, 44, 53, 56, 76, 116, 125, 134, 201, 246, 256, 471]
uid: 1416846:
[16, 17, 25, 37, 40, 44, 47, 49, 54, 56, 63, 81, 103, 142, 263, 310, 436]
uid: 1417547:
[168]
uid: 1418184:
[10, 14, 15, 18, 19, 29, 30, 37, 38, 50, 54, 55, 57, 61, 66, 66, 82, 99, 101, 114, 120, 120, 134, 155, 155, 175, 179, 195, 201, 204, 213, 222, 230, 242, 262, 277, 367, 384, 403, 437, 502, 525, 561, 580, 595, 605, 624, 631, 661, 756, 757, 768, 776, 792, 808, 875, 917, 956, 987, 991, 1017, 1071, 1086, 1109, 1149, 1150, 1228, 1266, 1297, 1319, 1368, 1380, 1400, 1413, 1454, 1509, 1534, 1639, 1673, 1696, 1777, 1826, 1837, 1842, 1957, 1982, 1996, 2126, 2132, 2182, 2406, 2431, 2533, 3349]
uid: 1420800:
[16, 469]
uid: 1426550:
[289]
uid: 1429471:
[200, 205, 207, 210, 216, 217, 217, 248, 252, 252, 253, 277, 286, 291, 295, 302, 331, 340, 347, 359, 372, 824]
uid: 1429541:
[10, 17, 26, 43, 47, 51, 188, 353]
uid: 1432176:
[35, 240, 422]
uid: 1433885:
[1, 12, 56]
uid: 1437438:
[436, 2770]
uid: 1438615:
[1, 1, 1, 5, 9, 25, 25, 25, 38, 44, 57, 59, 64, 67, 69, 69, 70, 73, 81, 148, 191, 203, 206, 232, 233, 267, 288, 585, 595, 620]
uid: 1439494:
[16, 19, 92, 214]
uid: 1445059:
[94, 787]
uid: 1445283:
[1, 190, 477]
uid: 1448155:
[133, 352, 1212]
uid: 1448728:
[2, 20, 25, 46, 140, 448, 2518]
uid: 1449198:
[50, 67, 222]
uid: 1450846:
[34, 72, 134, 4242]
uid: 1451260:
[25, 83, 103, 138, 1839, 2218]
uid: 1451387:
[141, 144, 172, 400]
uid: 1452797:
[1, 40, 45, 50, 51, 53, 55, 55, 55, 55, 57, 60, 60, 70, 70, 73, 76, 76, 85, 89, 90, 91, 92, 100, 103, 303]
uid: 1452882:
[250, 270, 846, 1054, 1116, 1989, 2201]
uid: 1454592:
[33, 65, 71, 133, 227, 242, 263, 415, 780, 832, 1467]
uid: 1457281:
[14, 22, 107, 259, 1022]
uid: 1457469:
[138]
uid: 1457642:
[1, 2, 3, 11, 19, 26, 51, 61, 71, 80, 91, 96, 100, 101, 109, 109, 136, 211, 244, 262, 358, 634, 816]
uid: 1460307:
[192, 1045]
uid: 1462597:
[186]
uid: 1462850:
[431, 811]
uid: 1466399:
[6, 811, 1078, 1188]
uid: 1467684:
[17, 398, 412, 585, 996]
uid: 1468226:
[45]
uid: 1469752:
[14, 16, 16, 128]
uid: 1479489:
[112]
uid: 1480095:
[2, 71, 112, 197, 200, 234, 256, 360, 418]
uid: 1480946:
[381, 913, 1286]
uid: 1481720:
[14, 58, 92, 151, 187, 290, 612, 698, 725, 876, 1234, 1396, 1625, 2232, 3229, 3390, 4806, 4985, 5183, 8353]
uid: 1482533:
[1, 1, 1, 50, 104, 124, 178, 199, 200, 200, 227, 229, 229]
uid: 1482717:
[22, 30, 51]
uid: 1484547:
[230, 460, 1067, 1828]
uid: 1485839:
[7, 21, 37, 53, 175]
uid: 1487175:
[527]
uid: 1487286:
[1, 4, 32, 37, 40, 46, 54, 59, 64, 73, 83, 112, 115, 116, 133, 140, 149, 152, 238, 246, 247, 252, 284, 299, 345, 1108]
uid: 1487458:
[64, 102, 106, 107, 120, 120, 120, 120, 121, 133, 133, 134, 134, 138, 146, 147, 147, 152, 160, 160, 160, 167, 186, 187, 187, 187, 213, 213, 213, 214, 216]
uid: 1488896:
[18, 25, 31, 34, 37, 41, 46, 63, 69, 73, 74, 78, 81, 82, 88, 97, 97, 111, 115, 119, 126, 137, 141, 173, 186, 187, 187, 188, 196, 199, 245, 247, 265, 273, 288, 314, 316, 319, 334, 399, 421, 512, 544, 692, 789, 840, 947, 2533]
uid: 1490196:
[1, 62, 62, 73, 78, 81, 90, 91, 94, 96, 104, 104, 110, 115, 128, 134, 135, 136, 140, 141, 144, 146, 146, 147, 147, 151, 156, 160, 173, 179, 203, 209, 212, 217, 218, 225, 230, 231, 236, 247, 267, 276, 320, 326, 330, 337, 345, 373, 415, 419, 420, 421, 472, 478, 495, 506, 509, 516, 524, 549, 558, 618, 630, 641, 647, 656, 775, 877, 934, 1320, 1536, 2057, 2657]
uid: 1490621:
[47, 108, 144, 152]
uid: 1491901:
[66, 718]
uid: 1493415:
[1, 70, 548]
uid: 1496675:
[758, 1131, 1168, 1938]
uid: 1499800:
[267, 572]
uid: 1501702:
[4, 6, 9, 10, 15, 16, 17, 19, 19, 19, 22, 23, 23, 31, 31, 33, 38, 38, 44, 45, 48, 53, 54, 63, 64, 71, 74, 74, 76, 79, 79, 81, 84, 96, 97, 105, 105, 110, 114, 117, 122, 134, 136, 143, 159, 173, 177, 186, 191, 208, 212, 218, 235, 257, 301, 315, 318, 461, 574, 1005, 1299]
uid: 1503861:
[859]
uid: 1504150:
[14, 25, 44, 63, 168, 255, 362]
uid: 1505844:
[1, 50]
uid: 1507537:
[13, 39]
uid: 1508145:
[30, 80, 300, 640, 1035]
uid: 1508784:
[1, 2, 4, 5, 7, 19, 32, 40, 46, 49, 49, 53, 55, 60, 60, 63, 63, 68, 69, 74, 75, 84, 98, 103, 111, 115, 140, 140, 172, 178, 204, 277, 310, 320, 341, 371, 384, 405, 409, 479, 579, 616, 942, 1914]
uid: 1508809:
[132, 426, 1585]
uid: 1508944:
[65, 1608, 1836]
uid: 1511097:
[497, 896]
uid: 1511767:
[114]
uid: 1512486:
[2, 5, 10, 19, 22, 35, 59, 60, 77, 83, 97, 342]
uid: 1516291:
[10, 15, 120, 209, 864, 1789]
uid: 1516494:
[1, 1, 3, 3, 3, 4, 5, 9, 22, 24, 24, 26, 27, 27, 29, 33, 34, 34, 35, 36, 39, 39, 42, 43, 43, 44, 47, 49, 50, 50, 52, 53, 59, 59, 60, 61, 62, 62, 62, 66, 68, 68, 69, 70, 70, 71, 73, 74, 78, 82, 86, 90, 97, 99, 105, 108, 123, 125, 137, 140, 142, 144, 160, 164, 188, 191, 193, 211, 214, 254, 279, 283, 359, 377, 541, 601, 1027, 2506, 2783]
uid: 1517359:
[267, 363, 388]
uid: 1520530:
[86, 109, 203, 222, 238]
uid: 1521397:
[11, 20, 42, 53, 465]
uid: 1521628:
[42, 126]
uid: 1521998:
[224]
uid: 1522347:
[5, 6, 759, 1371, 1985, 4985]
uid: 1522471:
[50]
uid: 1522754:
[1, 1, 1, 4, 9, 14, 35, 43, 57, 58, 58, 83, 86, 90, 90, 91, 91, 92, 124, 164, 265, 304]
uid: 1522890:
[20]
uid: 1524067:
[5, 9, 12, 15, 16, 17, 18, 20, 29, 34, 35, 38, 41, 59, 81, 95, 146, 197, 303, 651, 818]
uid: 1525233:
[1, 58]
uid: 1525790:
[10, 43, 67, 120, 207, 1001, 2006]
uid: 1525925:
[470]
uid: 1526383:
[11, 12, 18, 18, 29, 39, 57, 58, 155, 173, 176, 225, 227, 387, 556, 791, 901]
uid: 1527201:
[10, 183, 186, 1631]
uid: 1527467:
[2, 10, 15, 19, 21, 22, 50, 60, 61, 67, 69, 69, 80]
uid: 1528208:
[11, 28, 50, 73, 801]
uid: 1528580:
[386, 433, 436, 575]
uid: 1529213:
[21, 38, 176]
uid: 1531443:
[76, 299]
uid: 1531942:
[1, 1034, 1900]
uid: 1532379:
[13, 26, 43, 1318, 2256, 2373, 2582]
uid: 1532740:
[3, 11, 18, 23, 38, 44, 65, 89, 96, 103, 114, 115, 120, 394, 767, 2451]
uid: 1533179:
[5, 5, 5, 5, 5, 5, 10, 10]
uid: 1533654:
[2768, 5159]
uid: 1534455:
[47, 148, 158]
uid: 1534681:
[3, 26, 136, 769]
uid: 1536058:
[13, 16, 35, 50, 65, 90, 104, 140, 175, 197, 351, 1895, 2115, 2699, 4117]
uid: 1536081:
[27, 69, 92, 156, 334, 657, 695, 807, 827, 956, 1266, 1365, 1439, 1580, 2419, 2528, 2900, 3781, 5550, 17366]
uid: 1536150:
[237]
uid: 1536622:
[1, 36, 138]
uid: 1538017:
[1052, 2079, 2796, 6804]
uid: 1538148:
[68]
uid: 1540022:
[747, 782]
uid: 1540222:
[190, 433]
uid: 1540610:
[86]
uid: 1542478:
[21, 33, 51, 80, 97, 101, 158, 160, 164, 167, 250, 272, 473, 792, 1002, 1370]
uid: 1542481:
[1, 604]
uid: 1543865:
[16, 247, 654, 713, 921]
uid: 1544500:
[1150]
uid: 1544750:
[21, 29]
uid: 1545321:
[762]
uid: 1545407:
[58, 150]
uid: 1545858:
[4, 5, 5, 6, 9, 17, 18, 33, 40, 58, 67, 68, 73, 80, 84, 85, 86, 89, 94, 100, 102, 102, 106, 107, 112, 115, 116, 119, 130, 130, 135, 145, 145, 153, 160, 162, 205, 662, 815, 979]
uid: 1546266:
[478, 1210]
uid: 1546558:
[1, 1, 2, 4, 4, 5, 6, 8, 13, 14, 30, 35, 43, 45, 70, 84, 100, 107, 107, 109, 147, 183, 244, 337, 359, 465, 644, 785, 923]
uid: 1547385:
[104, 324, 817, 1147, 1275, 1816, 5560]
uid: 1547624:
[14, 30, 45, 91, 118, 1912, 2418, 3092]
uid: 1547774:
[10, 130, 132, 580]
uid: 1548687:
[1, 32, 185, 877, 918, 1052, 1224, 1391]
uid: 1549050:
[568, 581, 866, 1061]
uid: 1549599:
[35, 92]
uid: 1550299:
[354, 841]
uid: 1550422:
[5, 5, 6, 6, 8, 8, 9, 12, 14, 16, 16, 17, 17, 17, 17, 18, 20, 21, 22, 23, 28, 30, 31, 32, 33, 40, 41, 42, 42, 46, 52, 59, 79, 94, 121]
uid: 1550652:
[3, 17, 47, 50, 68, 82, 93, 98, 132, 143, 144, 158, 254]
uid: 1550821:
[14, 40, 100, 186, 237, 436]
uid: 1551967:
[43, 96, 122, 133, 223, 362, 768]
uid: 1552034:
[1, 66, 401, 878, 1920]
uid: 1552556:
[1, 2, 13, 123, 142, 250, 6670]
uid: 1552831:
[50, 76, 208, 556, 668, 1336]
uid: 1552893:
[17, 19, 29, 41, 52, 61, 82, 103, 150, 280, 289]
uid: 1553573:
[162, 173]
uid: 1553775:
[131, 588, 870]
uid: 1554112:
[6, 12, 69, 421]
uid: 1554382:
[1, 48]
uid: 1554960:
[2336]
uid: 1555620:
[3, 3, 23, 39, 47, 60, 60, 71, 86, 107, 126, 140, 155, 167, 203, 244, 253, 270, 274, 288, 301, 316, 318, 328, 335, 348, 379, 441, 463, 472, 728, 777, 1037, 1236, 1428]
uid: 1555726:
[3, 9, 32, 140, 390]
uid: 1556267:
[63, 86, 561, 1160]
uid: 1556969:
[8, 16, 23, 51, 57, 73, 75, 84, 101, 115, 115, 164, 187, 221, 228, 250, 269, 318, 356, 386, 399, 449, 476, 493, 551, 653, 740, 759, 1463]
uid: 1557166:
[1, 1, 12, 13, 28, 37, 40, 55, 135, 181, 185, 230, 299, 393, 404, 550, 673, 797, 860, 930, 1094, 1285]
uid: 1557208:
[5, 19, 29, 34, 39, 52, 66, 90, 113, 158, 176, 180]
uid: 1557820:
[601, 682]
uid: 1558974:
[357]
uid: 1559010:
[245]
uid: 1559530:
[1, 1285]
uid: 1559921:
[11, 120, 182, 231, 283, 317, 406, 453, 876]
uid: 1560325:
[25, 513, 3149, 3741]
uid: 1560659:
[252, 1414]
uid: 1560678:
[4, 13, 14, 36, 37, 50, 64, 95, 100, 110, 111, 179, 200, 222, 250, 305, 308, 313, 400, 449, 458, 553, 1980]
uid: 1560707:
[63, 78]
uid: 1561482:
[15, 19, 43, 45, 317]
uid: 1561501:
[20, 62, 67, 71, 78, 98, 277, 817, 2128, 2211, 2693, 5524]
uid: 1562869:
[1, 13, 26, 39, 41, 42, 51, 67, 70, 70, 73, 79, 147, 154]
uid: 1563761:
[13, 56, 183]
uid: 1563800:
[50]
uid: 1564167:
[16, 44]
uid: 1564652:
[50]
uid: 1564891:
[152]
uid: 1566033:
[7, 10, 13, 16, 38, 38, 40, 44, 48, 63, 64, 103, 121, 164, 181, 219, 420, 756, 871, 991, 1111, 1923, 2394, 2400, 2833]
uid: 1566659:
[55, 149, 438, 595]
uid: 1566984:
[100]
uid: 1567221:
[1, 5, 14, 14, 20, 22, 34, 34, 56]
uid: 1569158:
[127, 232]
uid: 1570005:
[50, 170]
uid: 1570944:
[21, 32, 82, 98, 100, 111, 119, 174, 204, 284, 380, 528, 1223, 1697]
uid: 1571023:
[25, 75, 309, 483, 535, 539, 704, 805]
uid: 1572122:
[37, 318, 601]
uid: 1573066:
[17, 39, 46, 102, 135, 201, 203, 229, 273]
uid: 1573956:
[52]
uid: 1574484:
[190, 232]
uid: 1574848:
[18, 82, 105]
uid: 1574993:
[1, 28, 81, 178, 197, 243, 412, 516]
uid: 1575967:
[445, 3751, 4568]
uid: 1576757:
[21]
uid: 1577003:
[2, 36, 247]
uid: 1577693:
[102]
uid: 1577704:
[262, 488]
uid: 1578051:
[5, 6, 12, 16, 48, 64, 162, 240, 314]
uid: 1578303:
[3, 9]
uid: 1578555:
[9, 41]
uid: 1578702:
[1, 1, 2, 22, 24, 40, 42, 44, 64, 87, 90, 121, 125, 175, 233, 362, 406, 905]
uid: 1578987:
[19, 31]
uid: 1579533:
[109, 388, 436]
uid: 1579623:
[26, 137, 137, 137, 137, 137, 139, 148, 148, 149, 149, 149, 160, 160, 160, 160, 169, 245, 302, 664, 1847]
uid: 1580023:
[621, 645]
uid: 1580140:
[8, 33, 38, 152, 207, 402]
uid: 1580650:
[30, 271, 289]
uid: 1580739:
[1, 1, 4, 8, 49, 59, 100, 111, 112, 118, 123, 132, 133, 226]
uid: 1581696:
[10, 14, 23, 24, 27, 32, 37, 45, 52, 61, 68, 71, 75, 89, 93, 113, 137, 166, 191, 195, 366]
uid: 1581883:
[10, 38, 45, 45, 358, 394, 638, 785]
uid: 1582608:
[1, 137, 159, 248, 271, 324, 568, 933]
uid: 1582872:
[13, 17, 42, 46, 47, 53, 62, 63, 68, 83, 88, 110, 168, 175, 190, 233, 298]
uid: 1583014:
[20]
uid: 1583633:
[254]
uid: 1584094:
[100, 350]
uid: 1585127:
[15, 31, 34, 52, 58, 73, 453, 576]
uid: 1585128:
[1, 11, 49]
uid: 1585235:
[48, 60, 60, 67, 75, 85, 94, 96]
uid: 1585578:
[111, 180, 186, 206, 257, 280, 613]
uid: 1585626:
[11, 39]
uid: 1585644:
[184, 250, 4984]
uid: 1585698:
[9, 30, 41, 48, 89, 92, 108, 118, 125, 133, 141, 146, 176, 568, 578, 604, 854]
uid: 1585718:
[156]
uid: 1585769:
[10]
uid: 1585857:
[252, 702]
uid: 1586236:
[110, 948, 1281]
uid: 1586242:
[615]
uid: 1586666:
[69, 222, 274, 281, 285, 978]
uid: 1586677:
[1048, 1971]
uid: 1586678:
[17, 127, 1193, 3834, 3903, 3912]
uid: 1586684:
[2, 26]
uid: 1586686:
[52, 71, 73, 101, 379, 405, 418, 455, 627, 645, 654]
uid: 1586704:
[1, 5, 9, 9, 13, 15, 16, 25, 41, 51, 55]
uid: 1586710:
[5, 10, 25, 856, 878, 1052, 1133, 1589, 1599, 1917]
uid: 1586714:
[2095]
uid: 1586731:
[1, 25, 29, 32, 47, 50, 52, 82, 98, 123, 272, 280, 290, 372, 382, 448, 476, 645, 1472]
uid: 1586752:
[3, 6, 18, 21, 29, 31, 32, 35, 35, 54, 57, 57, 63, 63, 63, 65, 68, 161]
uid: 1586768:
[163, 175, 180, 360, 406, 463, 532]
uid: 1586776:
[45, 145]
uid: 1586778:
[15]
uid: 1586801:
[1, 7, 10, 10, 11, 20, 20, 21, 22, 26, 30, 40, 41, 43, 48, 55, 56, 63, 64, 67, 71, 72, 75, 75, 81, 81, 81, 118, 122, 266]
uid: 1586842:
[21, 28, 35, 61, 102, 128, 128, 128, 144, 144, 144, 144, 160, 160, 216, 232, 280, 386, 392, 458, 585, 589]
uid: 1587554:
[50, 618, 814, 826, 828, 841, 858, 878, 899, 903, 908, 938, 967, 969, 973, 980, 991, 994, 998, 1012, 1070, 1072, 1092, 1107, 1117, 1121, 1146, 1155, 1170, 1198, 1263]
uid: 1587865:
[15, 63, 66, 74, 86, 96, 100, 122, 137, 175, 189, 291, 332, 411, 452, 454, 752, 754, 1219, 1591, 1696, 1724]
uid: 1587968:
[11, 19, 33, 35, 279, 1979]
uid: 1588588:
[1, 1, 2, 2, 2, 2, 4, 6, 6, 6, 6, 7, 8, 14, 21, 29, 29, 40, 47, 87, 102, 135, 313, 395, 448]
uid: 1589498:
[1, 21, 372, 444, 466, 468, 712, 869, 1070, 1493]
uid: 1593003:
[199]
uid: 1593726:
[19, 21, 21, 26, 38, 40, 51, 60, 110, 180, 214, 263, 420, 635, 1108, 1305, 1535]
uid: 1594249:
[1, 1, 61, 79, 92, 104, 120]
uid: 1594539:
[1, 53, 97, 149]
uid: 1595570:
[33, 47]
uid: 1595838:
[116, 350, 1180]
uid: 1599066:
[1, 1, 5, 6, 7, 7, 7, 10, 11, 12, 18, 22, 22, 24, 24, 28, 30, 31, 50, 55, 69, 71, 72, 83, 90, 111, 143, 154, 167, 226, 237, 252, 344, 416, 431, 582, 658]
uid: 1599207:
[75]
uid: 1599823:
[15, 23, 30, 74, 81, 114, 127, 257, 336]
uid: 1600359:
[9, 77, 136, 213, 261, 320, 452, 581, 656, 876, 1041, 2155]
uid: 1600434:
[50]
uid: 1601285:
[11, 15, 15, 20, 20, 29, 32, 32, 35, 40, 47, 69, 118]
uid: 1601588:
[10, 2686, 7550]
uid: 1602917:
[32, 55]
uid: 1603720:
[55, 90, 158, 304]
uid: 1604170:
[17]
uid: 1607716:
[1, 12, 28, 29, 31, 45, 53, 105]
uid: 1607953:
[592, 1167]
uid: 1608129:
[1352]
uid: 1609782:
[50]
uid: 1611580:
[7, 14]
uid: 1611603:
[112, 329, 430, 682, 795, 854, 1165, 1760]
uid: 1616496:
[7, 17, 88]
uid: 1621336:
[6, 12, 14, 16, 35, 36, 49, 54, 252, 261, 920]
uid: 1621954:
[50]
uid: 1624004:
[39]
uid: 1624326:
[25, 67, 97, 665, 1977]
uid: 1625041:
[12, 17, 21, 102, 138, 143]
uid: 1626025:
[26]
uid: 1626165:
[1740, 6869, 8558, 16412]
uid: 1626854:
[1, 1, 1, 4, 5, 7, 9, 11, 18, 18, 21, 22, 23, 24, 27, 35, 37, 44, 61, 70, 86, 90, 91, 93, 94, 102, 183, 269, 308]
uid: 1627057:
[1, 1, 14, 19, 27, 30]
uid: 1627399:
[50]
uid: 1628737:
[3, 9, 47, 159]
uid: 1630624:
[2, 16, 31, 51]
uid: 1630905:
[16, 76, 176, 279, 395, 565, 6549]
uid: 1631036:
[135]
uid: 1631107:
[5, 9, 12, 41, 47, 63, 65, 134, 262, 1276]
uid: 1631595:
[101]
uid: 1631884:
[15, 24, 89]
uid: 1631947:
[350, 482]
uid: 1632514:
[37, 377, 1538]
uid: 1632889:
[1, 3, 3, 7, 12, 71, 171, 189]
uid: 1632958:
[20, 24, 50, 152]
uid: 1633777:
[16, 17]
uid: 1633780:
[2, 108]
uid: 1633818:
[25, 75, 85, 89, 139, 245]
uid: 1634071:
[100]
uid: 1634296:
[2, 23, 30, 38, 58, 74, 79, 85, 102, 107, 123, 195, 254, 267, 313]
uid: 1634484:
[19, 101, 393, 508, 1330, 1739]
uid: 1634630:
[546]
uid: 1634654:
[830, 2430]
uid: 1634924:
[10, 75]
uid: 1635180:
[14, 25, 29, 34, 80, 85, 109, 270, 427, 433]
uid: 1635234:
[111, 150, 1125]
uid: 1635364:
[32, 53, 149, 372, 916, 1527]
uid: 1635690:
[100]
uid: 1635835:
[1, 27, 48, 57, 61, 157, 172]
uid: 1635857:
[11, 56, 437, 450, 947]
uid: 1635919:
[9, 135]
uid: 1636160:
[1, 11, 16]
uid: 1636277:
[5, 55, 160, 346, 412, 1015]
uid: 1636278:
[124, 244]
uid: 1636363:
[1, 1, 1, 2, 2, 3, 3, 4, 5, 5, 6, 6, 7, 7, 8, 9, 9, 11, 11, 12, 13, 13, 15, 17, 19, 19, 22, 23, 24, 24, 28, 29, 29, 31, 36, 37, 37, 39, 40, 40, 42, 42, 45, 48, 49, 50, 51, 53, 54, 54, 55, 55, 56, 57, 62, 63, 64, 68, 69, 71, 72, 74, 78, 84, 91, 95, 98, 104, 121]
uid: 1636462:
[39, 96]
uid: 1636616:
[58]
uid: 1636621:
[55]
uid: 1636733:
[244]
uid: 1636742:
[12]
uid: 1636775:
[40]
uid: 1637001:
[26]
uid: 1637125:
[44, 92, 114]
uid: 1637127:
[18, 112, 304]
uid: 1637193:
[43, 378]
uid: 1637422:
[1, 2, 4, 13, 15, 22, 23, 28]
uid: 1637596:
[9, 24, 42, 85, 87, 91, 102, 102, 109, 112, 118, 131, 192, 707]
uid: 1637622:
[41, 66, 68, 83, 119, 142, 146, 195, 432, 456, 1136]
uid: 1637653:
[357]
uid: 1637660:
[11, 17, 34, 34, 49]
uid: 1637668:
[22, 37, 198, 386]
uid: 1637778:
[275, 285]
uid: 1637880:
[1, 101, 113]
uid: 1637945:
[4, 7, 9, 10, 12, 19, 33, 42, 58, 63, 64, 64, 72, 75, 80, 80, 88, 89, 103, 147]
uid: 1637980:
[310, 2588, 3180]
uid: 1638028:
[1, 2, 5, 8, 12, 15, 133, 160, 174, 245, 283, 341, 350, 523, 755, 1443]
uid: 1638038:
[54, 74, 2141, 3656]
uid: 1638131:
[16, 17, 50, 92, 109, 888, 4181]
uid: 1638210:
[80, 753, 1534, 3036, 3898, 5076]
uid: 1638457:
[182, 688]
uid: 1638565:
[10, 58, 1188]
uid: 1638570:
[264, 575, 646, 3509]
uid: 1638600:
[467]
uid: 1638626:
[92]
uid: 1638765:
[15, 40, 81, 93, 122, 148, 150, 160, 204, 214, 252, 279, 477, 594, 665]
uid: 1638855:
[20, 44]
uid: 1638875:
[600, 3533]
uid: 1638951:
[4, 11, 19, 57, 59, 60, 63, 95]
uid: 1639081:
[4, 6, 13, 128, 240, 331]
uid: 1639138:
[33]
uid: 1639245:
[3344, 3346, 8873, 8889]
uid: 1639262:
[123, 320]
uid: 1639284:
[150]
uid: 1639461:
[437, 1935, 2785, 4001]
uid: 1639730:
[88]
uid: 1639957:
[1, 3, 332, 365, 415, 557, 886, 1079, 2024]
uid: 1640066:
[53, 92, 126, 253]
uid: 1640356:
[92]
uid: 1640448:
[48, 52]
uid: 1640563:
[6, 53, 54, 90, 93, 112, 168, 226]
uid: 1640643:
[4, 5, 5, 11, 17, 21, 26, 29, 36, 40, 42, 50, 50, 55, 62, 94, 212, 1871]
uid: 1641149:
[94, 136, 148, 202, 256, 374, 562]
uid: 1641202:
[42, 78, 353, 388, 1137, 1387]
uid: 1641297:
[23, 46, 97]
uid: 1641339:
[25, 1271, 1697]
uid: 1641423:
[22, 43, 60, 205]
uid: 1641782:
[2, 11, 14, 34, 45, 76, 94, 143, 145, 169, 234, 311, 315, 320, 342, 343, 343, 343, 346, 374, 519, 592, 602, 1010, 1210, 1428, 2601]
uid: 1641823:
[31, 34, 481]
uid: 1642156:
[17, 50, 65, 76, 106, 162, 164, 280, 326]
uid: 1642305:
[18, 18, 20, 22, 2559]
uid: 1642432:
[15, 22, 39, 40, 52, 100]
uid: 1642461:
[202]
uid: 1642633:
[7, 12, 12, 25, 27, 37, 40, 50, 114, 223, 475, 811]
uid: 1642786:
[11, 139]
uid: 1642810:
[1, 2, 2, 2, 5, 6, 8, 11, 27, 32, 35, 54, 82, 367]
uid: 1642899:
[22]
uid: 1642947:
[46]
uid: 1643042:
[345]
uid: 1643125:
[10, 25, 25, 25, 25, 35, 35, 35, 74, 107, 110, 140, 474, 695, 714, 884, 2196]
uid: 1643362:
[11]
uid: 1643450:
[22, 25, 30, 35, 96, 149, 233, 689, 863, 1042]
uid: 1643490:
[1, 3, 9, 10, 34, 93]
uid: 1643562:
[18, 21, 44, 71, 85, 138, 153, 205, 317, 325, 431, 432, 582, 767]
uid: 1643566:
[350]
uid: 1643618:
[161, 478, 592, 666, 1195]
uid: 1643748:
[27, 99, 207, 327]
uid: 1643767:
[6, 8, 64, 68, 99, 130, 247, 258]
uid: 1643819:
[838]
uid: 1643881:
[94, 196, 234, 268, 588]
uid: 1643958:
[98, 145, 456]
uid: 1644209:
[1, 10, 33]
uid: 1644338:
[22]
uid: 1644370:
[63]
uid: 1644535:
[11, 14, 21, 33, 42, 43, 45, 66, 91, 101, 112, 131, 152, 190, 191, 393]
uid: 1644537:
[50]
uid: 1644637:
[14, 22]
uid: 1644780:
[41, 337]
uid: 1644816:
[1, 1, 2, 3, 4, 4, 6, 6, 6, 9, 12, 23, 23, 31, 31, 42, 74, 171, 506, 947, 1363, 1783, 1811]
uid: 1644832:
[15]
uid: 1644837:
[40]
uid: 1644971:
[26]
uid: 1645060:
[1, 2, 97]
uid: 1645147:
[50, 268, 269]
uid: 1645191:
[481]
uid: 1645246:
[61, 62, 140, 159, 176, 230, 232, 256, 397, 580, 955, 1082, 1540]
uid: 1645457:
[39, 69, 339]
uid: 1645606:
[10, 62, 101, 105, 225, 311, 364, 445, 548]
uid: 1645669:
[50]
uid: 1645928:
[1, 7, 16, 16, 18, 24, 24, 24, 29, 29, 30, 31, 35, 36, 37, 37, 38, 38, 43, 45, 47, 49, 50, 53, 57, 57, 62, 64, 68, 74, 76, 83, 90, 91, 93, 98, 101, 103, 104, 134, 149, 161, 216, 303, 397]
uid: 1645945:
[23, 38, 60, 118, 145, 272, 311]
uid: 1645963:
[18, 40, 44, 54, 67, 100, 118, 147, 156, 195]
uid: 1645996:
[2, 5, 17, 32, 37]
uid: 1646024:
[1, 2, 9, 10, 21, 26, 26, 30, 31, 43, 46, 52, 57, 64, 70, 80, 84, 87, 91, 107, 153, 239, 301, 317, 455, 854, 1161, 1212, 1477, 1789, 2488, 6453]
uid: 1646206:
[1, 69, 180, 190, 255, 430, 486]
uid: 1646229:
[119]
uid: 1646275:
[28, 31]
uid: 1646337:
[8, 14, 28]
uid: 1646372:
[1, 5, 15, 31, 52, 79, 168, 548, 1501]
uid: 1646660:
[6, 31, 33, 44, 51, 78, 86, 202, 232, 247, 427, 535, 963]
uid: 1646697:
[1474, 1836]
uid: 1646717:
[23]
uid: 1646719:
[37, 46, 76, 295, 432, 852, 1913]
uid: 1646743:
[50]
uid: 1647145:
[100]
uid: 1647673:
[93, 181, 199, 264, 387]
uid: 1647676:
[168]
uid: 1647724:
[1447]
uid: 1647853:
[3, 11, 11, 23, 42, 103, 162, 208, 226, 243, 248, 464, 772]
uid: 1647874:
[21, 49, 63, 71, 80, 430]
uid: 1647903:
[1, 1, 2, 2, 3, 4, 12, 37, 40, 46, 47, 48, 66, 68, 109, 246]
uid: 1647971:
[63, 191]
uid: 1647986:
[227, 251, 545, 5065, 6801]
uid: 1648034:
[126, 216]
uid: 1648628:
[114, 347]
uid: 1648746:
[11, 115, 451]
uid: 1648871:
[1094]
uid: 1648894:
[50]
uid: 1648939:
[11, 16, 24, 26, 88, 93]
uid: 1649018:
[9, 27, 33, 35, 42, 48, 51, 75, 90, 98, 102, 112, 114, 162, 176, 188, 196, 394, 408, 460, 506, 721, 792]
uid: 1649290:
[9, 10, 22, 85, 95, 127, 165, 179, 184, 299, 558, 719]
uid: 1649325:
[25, 105, 267]
uid: 1649469:
[1, 13, 29, 51, 78, 79, 110, 127, 197, 287, 319, 328, 375, 457, 472, 534, 614, 1304]
uid: 1649472:
[10, 16, 27, 29, 33, 34, 38, 55, 69, 89, 116]
uid: 1649498:
[1, 26, 47, 50, 70, 86, 96, 114, 123, 130, 301]
uid: 1649569:
[200]
uid: 1649620:
[132, 3554]
uid: 1649643:
[80, 137, 143, 287, 363, 2181, 2316, 2814]
uid: 1649709:
[14, 100]
uid: 1649919:
[63]
uid: 1650034:
[90]
uid: 1650183:
[50]
uid: 1650261:
[17, 73]
uid: 1650303:
[2, 5, 5, 9, 14, 15, 17, 20, 23, 30, 33, 36, 43, 43, 45, 48, 48, 50, 50, 50, 50, 50, 50, 139, 152, 876]
uid: 1650378:
[30, 54, 62, 424]
uid: 1650766:
[26, 74]
uid: 1651302:
[50]
uid: 1651388:
[1, 4, 116, 545, 1553, 5513]
uid: 1651478:
[1, 1, 1, 1, 1, 1, 1, 1, 1, 1, 1, 1, 2, 3, 4, 4, 4, 5, 6, 6, 6, 7, 8, 8, 8, 8, 9, 9, 9, 10, 11, 12, 12, 14, 15, 18, 22, 23, 25, 25, 27, 28, 30, 31, 35, 39, 42, 43, 43, 45, 48, 49, 55, 58, 59, 59, 61, 64, 68, 69, 73, 74, 76, 80, 81, 82, 85, 86, 94, 94, 95, 102, 104, 104, 105, 107, 107, 110, 111, 115, 116, 116, 119, 120, 121, 126, 128, 128, 128, 132, 133, 136, 143, 143, 146, 146, 155, 159, 159, 160, 175, 175, 182, 183, 185, 187, 237, 240, 242, 289, 390]
uid: 1652048:
[19, 53, 112, 590]
uid: 1652110:
[633]
uid: 1652372:
[5042, 14085]
uid: 1652606:
[23, 75]
uid: 1652623:
[16, 54, 68, 71]
uid: 1652708:
[644, 1190]
uid: 1652775:
[266]
uid: 1652970:
[3, 4, 7, 12, 13, 23, 25, 31, 31, 39, 47, 59, 60, 69, 93, 93, 119, 690]
uid: 1653033:
[100]
uid: 1653132:
[1282, 3112, 7648]
uid: 1653154:
[50]
uid: 1653331:
[2, 371, 1078, 2085]
uid: 1653528:
[2, 247, 361]
uid: 1653587:
[17, 19, 21, 21, 24, 35, 36, 49, 88, 121]
uid: 1653613:
[339]
uid: 1653911:
[55, 126, 175, 190, 312]
uid: 1653917:
[64, 457, 1637, 2584]
uid: 1653936:
[54]
uid: 1654227:
[1244, 1248, 2710]
uid: 1654269:
[4, 4, 9, 9, 16]
uid: 1654364:
[1, 6, 25, 40, 80, 107, 151, 191, 198, 235, 300, 338, 499, 554]
uid: 1654627:
[1, 7, 17, 33]
uid: 1654699:
[48, 138]
uid: 1654765:
[27, 45, 339, 440]
uid: 1654916:
[40]
uid: 1655094:
[26, 34, 37, 39, 40, 49, 61, 62, 63, 77, 84, 153, 232, 233]
uid: 1655101:
[1, 903, 3022]
uid: 1655151:
[207, 1007, 1016, 2126]
uid: 1655190:
[10, 53, 92, 100]
uid: 1655202:
[72, 2029, 2964]
uid: 1655928:
[237, 267, 1113, 3243, 4283, 11667, 11900, 13710]
uid: 1656395:
[119, 252, 278, 357, 389, 580]
uid: 1656503:
[17, 29, 35, 76, 100, 178, 180, 345, 346, 634]
uid: 1656716:
[16]
uid: 1657065:
[9, 41]
uid: 1657114:
[12, 76, 517, 3091, 4390, 4413, 4491]
uid: 1657223:
[496]
uid: 1657390:
[552]
uid: 1657418:
[5, 7, 24, 52]
uid: 1657498:
[16, 16, 19, 21, 33, 38, 40, 40, 49, 58, 60, 80, 104, 129, 175, 204, 243, 279, 399, 402, 502]
uid: 1657529:
[20]
uid: 1657662:
[2323]
uid: 1657734:
[12, 13, 15, 27, 48, 49, 71, 121, 123, 135, 203, 464]
uid: 1657846:
[56, 100, 131]
uid: 1657885:
[1, 1, 2, 7, 9, 14, 15, 19, 117, 386]
uid: 1657958:
[9, 11, 30]
uid: 1658023:
[150]
uid: 1658252:
[8, 17, 62, 62, 71, 114, 120]
uid: 1658265:
[52]
uid: 1658295:
[12]
uid: 1658511:
[7, 8, 11, 16, 21, 25, 28, 34, 39, 50, 50, 52, 102, 114, 274, 290, 381, 451, 464, 732, 782, 842]
uid: 1658577:
[53, 679, 1720, 2120]
uid: 1658585:
[19, 32, 207, 260, 691]
uid: 1658673:
[4, 21, 29, 59, 67, 73]
uid: 1658834:
[42]
uid: 1658971:
[3, 64, 128, 192, 1698]
uid: 1658986:
[24, 29]
uid: 1659423:
[16, 357]
uid: 1659439:
[222, 290, 529, 552, 765]
uid: 1659481:
[530]
uid: 1659483:
[560]
uid: 1659535:
[111, 174, 292, 1749]
uid: 1659562:
[23, 34, 42, 53, 72, 144, 163, 172, 243, 455, 489, 607]
uid: 1660086:
[1, 21, 58, 60, 61, 79, 80, 100, 111, 120, 162, 174, 176, 660, 670, 1352, 1905]
uid: 1660507:
[178]
uid: 1660715:
[25, 50, 50, 50, 55, 55, 68, 71, 96, 471, 528, 1388]
uid: 1660942:
[124, 385, 719, 896, 1466, 2053, 2875, 3304, 3616, 4478, 4796]
uid: 1661065:
[100]
uid: 1661134:
[40, 63]
uid: 1661285:
[50, 120, 206]
uid: 1661395:
[5, 41, 41, 41, 51, 72, 99, 118, 125, 125, 171, 672]
uid: 1661434:
[68, 162, 304, 395, 453, 493, 1351]
uid: 1661604:
[29, 400, 593]
uid: 1661610:
[15]
uid: 1661624:
[1, 1, 3, 8, 9, 9, 11, 11, 14, 14, 22, 23, 25, 25, 26, 28, 29, 29, 29, 29, 36, 40, 44, 48, 49, 50, 52, 53, 54, 56, 58, 61, 64, 67, 73, 80, 84, 85, 105, 150, 157, 189]
uid: 1661625:
[11, 11, 18, 27, 35, 42, 58, 58, 61, 73, 79, 85, 86, 94, 95, 98, 98, 111, 160, 218, 276, 279, 299, 330, 440, 499, 635, 796, 873, 964]
uid: 1661659:
[1, 16, 23, 27, 50, 136, 298]
uid: 1661673:
[23, 24, 33, 58, 68, 76, 77]
uid: 1661710:
[1, 3, 4, 6, 6, 7, 10, 11, 12, 16, 24, 27, 31, 62, 63, 85, 144, 497, 514, 661, 752, 802, 908, 1344, 1374, 1393, 1440, 1898]
uid: 1661739:
[1, 1, 45, 300, 413, 424, 599]
uid: 1661751:
[37, 132, 279, 377, 683]
uid: 1661844:
[1, 22, 28, 52, 114, 171]
uid: 1661857:
[14, 18, 22, 23, 23, 25, 36, 39, 40, 58, 63, 69, 69, 92, 100, 138, 147, 188, 364]
uid: 1661897:
[1691]
uid: 1661971:
[9, 41, 65, 79, 92, 99, 106, 123, 188, 241, 282, 293, 330, 419, 1960]
uid: 1662013:
[1, 1, 2, 4, 6, 33, 110, 331]
uid: 1662047:
[1, 41, 144]
uid: 1662062:
[12, 19, 40, 55, 60, 65, 76]
uid: 1662132:
[15, 38]
uid: 1662133:
[10, 21]
uid: 1662208:
[363, 621, 701]
uid: 1662222:
[10, 35, 40, 60, 93, 105, 110, 135, 174, 186, 219, 229, 239, 259, 260, 279, 350, 516, 537, 538, 549, 587, 787, 874]
uid: 1662282:
[41, 42, 55, 79, 85, 129, 296]
uid: 1662300:
[16, 34, 93, 207]
uid: 1662310:
[2019, 2153, 2560]
uid: 1662330:
[9, 12, 13, 17, 28, 30, 34, 36, 39, 45, 47, 49, 57, 57, 58, 59, 63, 90, 90, 122, 125, 161, 207, 675, 2515, 2525, 2565, 2658, 2711, 3188]
uid: 1662516:
[70]
uid: 1662550:
[4, 18, 28, 38, 39, 39, 41, 91, 95, 110, 128, 138, 183, 301, 351, 372, 1173, 1176]
uid: 1662604:
[670]
uid: 1662611:
[6, 6, 6, 15, 20, 23, 25, 30, 31, 32, 32, 44, 45, 49, 50, 67, 72, 82, 95, 109, 131, 134, 141, 207, 218, 227, 306, 340, 352, 415, 418, 487, 566, 602, 714, 1119, 1122, 1522, 1632, 1884, 4908]
uid: 1662635:
[3, 6, 26, 68, 202, 727]
uid: 1662730:
[37, 64]
uid: 1662837:
[28, 72, 85, 172, 370, 461, 1029]
uid: 1662854:
[24]
uid: 1662899:
[49]
uid: 1662924:
[10, 41, 76]
uid: 1663032:
[88, 119, 128, 128, 129, 186, 193, 283, 477, 479, 534, 618, 699, 966, 1040, 1141, 1163]
uid: 1663042:
[24, 36, 163, 227, 279]
uid: 1663141:
[162, 172]
uid: 1663148:
[48, 609]
uid: 1663232:
[6, 80]
uid: 1663246:
[1, 11, 38]
uid: 1663274:
[100]
uid: 1663279:
[5, 17, 21, 26, 38, 172]
uid: 1663297:
[103]
uid: 1663329:
[30, 30]
uid: 1663331:
[28, 498, 2014]
uid: 1663427:
[50]
uid: 1663432:
[73, 102, 107, 113, 121, 160, 161, 207, 209, 402, 562, 591, 650, 1017, 1196]
uid: 1663459:
[74, 109]
uid: 1663536:
[9, 41]
uid: 1663618:
[1, 86, 111, 113, 117, 133, 134]
uid: 1663626:
[1, 54, 75, 674]
uid: 1663698:
[261, 439]
uid: 1663754:
[36, 76]
uid: 1663865:
[21, 27, 61, 82, 89, 161]
uid: 1663873:
[9, 11, 20, 41, 54, 95, 111, 111, 219, 238, 402, 419, 440, 576, 626, 1118, 1509, 1720, 1976, 2866]
uid: 1663877:
[997, 1470]
uid: 1663886:
[900]
uid: 1664007:
[1, 1, 12, 53, 56, 63, 85, 88]
uid: 1664039:
[23, 47, 61, 72, 216, 285]
uid: 1664163:
[1, 11, 26, 26, 26, 53, 65, 94, 152]
uid: 1664206:
[271]
uid: 1664215:
[8, 8, 16, 18, 161, 815]
uid: 1664217:
[747, 881, 924]
uid: 1664269:
[9, 12, 24, 33, 42, 43, 50, 54, 62, 75, 77, 81, 83, 86, 94, 95, 117]
uid: 1664274:
[21, 36, 50, 62, 88, 116, 122, 151]
uid: 1664321:
[3, 4, 4, 4, 8, 22, 23, 24, 30, 41, 42, 44, 45, 51, 52, 53, 57, 116, 157, 163]
uid: 1664330:
[651, 4285]
uid: 1664378:
[1, 5, 30, 39, 68, 259, 1293, 1833, 2049, 2981]
uid: 1664468:
[1155]
uid: 1664489:
[50, 336]
uid: 1664539:
[1, 5, 8, 64, 64, 88, 102, 131, 133]
uid: 1664570:
[379]
uid: 1664673:
[48, 94]
uid: 1664845:
[460, 506, 1082, 1319]
uid: 1664879:
[88, 97]
uid: 1664927:
[182, 449]
uid: 1664979:
[44]
uid: 1665002:
[18]
uid: 1665107:
[1, 17, 36]
uid: 1665138:
[1, 19, 128, 170, 177, 320, 376, 508]
uid: 1665181:
[50]
uid: 1665195:
[137, 206, 2166, 2267]
uid: 1665286:
[1, 137, 315, 631]
uid: 1665391:
[109, 166]
uid: 1665444:
[50]
uid: 1665684:
[21, 32, 73, 139, 453]
uid: 1665707:
[1, 2, 21, 36]
uid: 1665741:
[6, 45, 116, 186]
uid: 1665797:
[53, 87, 174, 218, 505, 718]
uid: 1665848:
[47]
uid: 1665937:
[18]
uid: 1666129:
[409]
uid: 1666160:
[21, 21, 35, 44, 102]
uid: 1666192:
[135, 240, 504]
uid: 1666195:
[82, 1091, 1504]
uid: 1666216:
[10, 12, 13, 16, 109, 135, 648, 649]
uid: 1666358:
[102, 209, 907]
uid: 1666396:
[9, 25, 61, 128, 199, 220, 228, 421, 424, 480, 960, 1137, 1152]
uid: 1666421:
[2, 40, 51, 98, 385, 397, 1175, 1701, 1740, 1999, 2233, 2305]
uid: 1666429:
[231, 1171]
uid: 1666466:
[9, 19, 25, 25, 25, 37, 38, 93, 106]
uid: 1666508:
[15, 33, 63, 83, 115]
uid: 1666582:
[282, 1835]
uid: 1666631:
[3, 25]
uid: 1666661:
[27, 43, 59, 60, 60, 83, 89, 95, 126, 147, 171, 186, 232]
uid: 1666673:
[25, 39, 50, 83, 83, 162, 179, 215, 240, 479]
uid: 1666676:
[1, 12, 16, 25, 26, 38, 60, 505]
uid: 1666838:
[1, 130, 168, 184, 389]
uid: 1666841:
[24]
uid: 1666889:
[1, 43, 71, 85, 132, 153]
uid: 1666950:
[50]
uid: 1666962:
[2538]
uid: 1667008:
[1, 12, 51, 55, 100, 140, 204]
uid: 1667056:
[48, 145, 147, 207, 222, 251, 276, 314, 383]
uid: 1667084:
[20]
uid: 1667128:
[1, 13]
uid: 1667177:
[11, 41, 47, 73, 82, 96, 151, 615, 1350]
uid: 1667300:
[1, 7, 9, 10, 12, 18, 30, 35, 41, 47, 62, 64, 66, 66, 78, 83, 84, 86, 86, 87, 89, 109, 135, 163, 168, 219, 441, 520, 557, 697]
uid: 1667361:
[19, 30, 165, 182]
uid: 1667383:
[5, 10, 12, 14, 20, 30, 40, 40, 40, 41, 50, 50, 55, 60, 65, 73, 97, 100, 110, 121, 138, 142, 158, 200, 213, 233]
uid: 1667409:
[1, 1, 9, 18, 22, 23, 26, 40, 61, 69, 77, 91, 94, 104, 105, 111, 114, 118, 124, 132, 145]
uid: 1667458:
[140, 353, 591, 1091, 1894]
uid: 1667463:
[10, 39, 75, 84, 129, 147, 198]
uid: 1667563:
[2, 67, 115, 366]
uid: 1667672:
[10, 123, 199, 261]
uid: 1667765:
[7, 145, 238, 400, 550, 1002, 2896]
uid: 1667867:
[1785]
uid: 1667902:
[31, 269]
uid: 1667986:
[57, 77, 169, 689, 2843]
uid: 1667999:
[12, 23]
uid: 1668006:
[9, 31]
uid: 1668076:
[1, 5, 7, 14]
uid: 1668086:
[85, 115]
uid: 1668090:
[5, 28, 36, 40, 53, 107, 131]
uid: 1668096:
[30, 108]
uid: 1668110:
[2, 2, 101]
uid: 1668164:
[263]
uid: 1668226:
[83, 1274, 2566, 2651, 3881]
uid: 1668270:
[3, 6, 15, 15, 51, 136]
uid: 1668271:
[8, 13]
uid: 1668411:
[2921, 3129, 6763]
uid: 1668453:
[29, 158, 249]
uid: 1668515:
[1, 26, 34, 53, 88, 98]
uid: 1668584:
[3, 18, 19, 22, 65, 97, 127]
uid: 1668641:
[50]
uid: 1668686:
[7, 13, 22]
uid: 1668698:
[11, 31, 61, 66, 71, 126]
uid: 1668704:
[39, 44, 53, 80, 81, 107, 230, 645]
uid: 1668707:
[4, 29, 67]
uid: 1668751:
[15, 85]
uid: 1668785:
[40, 138, 288]
uid: 1668789:
[1200]
uid: 1668818:
[1, 49]
uid: 1668833:
[16, 22, 29, 45, 108, 132, 142, 209, 226, 270, 322, 344, 371]
uid: 1668931:
[414]
uid: 1668997:
[12, 31, 39]
uid: 1669001:
[1, 106, 150, 164]
uid: 1669056:
[4, 9, 22, 24, 26, 30, 32, 38, 40, 53, 55, 59, 67, 75, 78, 95, 111, 127, 130, 133, 147, 172, 174, 187, 200, 203, 206, 215, 239, 240, 247, 250, 263, 295, 363, 439, 442, 479, 512, 603, 1508, 1548]
uid: 1669383:
[12, 24, 143, 150, 286]
uid: 1669494:
[9, 44, 50, 54, 60, 70, 133, 315]
uid: 1669515:
[27]
uid: 1669546:
[129, 450]
uid: 1669621:
[7, 23, 27, 35, 166, 216, 217]
uid: 1669632:
[125]
uid: 1669648:
[30]
uid: 1669723:
[11, 109, 131]
uid: 1669827:
[120]
uid: 1669909:
[28, 61, 73, 74, 93]
uid: 1669925:
[34, 39, 82, 86, 157, 160, 179, 196, 232, 238, 450]
uid: 1669937:
[5, 15, 30, 35]
uid: 1669994:
[1109, 1150]
uid: 1670034:
[70]
uid: 1670208:
[146, 162, 398, 603, 1294]
uid: 1670210:
[6, 22, 32, 243]
uid: 1670220:
[105]
uid: 1670275:
[31, 50]
uid: 1670314:
[71]
uid: 1670408:
[15, 17]
uid: 1670434:
[68, 400]
uid: 1670555:
[50]
uid: 1670571:
[36, 235, 1418, 1713]
uid: 1670596:
[1, 21, 30, 33, 39, 40, 81, 105, 113, 148, 153, 188, 264, 386, 448, 465, 810, 831, 981, 1361, 1608]
uid: 1670627:
[22, 28]
uid: 1670641:
[26, 47, 71, 111, 138, 147, 176, 256]
uid: 1670650:
[6, 9, 14, 15, 23, 35, 59, 87, 100, 125, 131, 158, 181, 274, 305, 342]
uid: 1670676:
[14, 15, 24, 87]
uid: 1670741:
[23, 59, 73, 80, 113, 144]
uid: 1670750:
[235, 316, 346, 474, 475, 580]
uid: 1670798:
[240]
uid: 1670819:
[21, 45, 55, 99, 187, 366]
uid: 1670872:
[24, 37]
uid: 1670882:
[53, 168, 281]
uid: 1670904:
[13, 77, 86, 90, 102, 112, 113, 115, 150, 261, 278, 482]
uid: 1670937:
[19, 34, 77, 86, 89, 92]
uid: 1670938:
[259]
uid: 1670941:
[44, 57, 63, 131, 163, 206, 210, 240, 430, 740]
uid: 1670945:
[159, 303, 792, 1661, 1925, 1938, 2405]
uid: 1670974:
[1, 20, 43]
uid: 1671061:
[1, 25, 39, 42, 54, 62, 65, 69, 69, 70, 102, 133, 156, 180, 189]
uid: 1671179:
[60]
uid: 1671252:
[28, 44]
uid: 1671291:
[156, 188]
uid: 1671354:
[50]
uid: 1671389:
[2, 31, 105, 116, 145, 226, 418, 779, 964, 1227]
uid: 1671397:
[177]
uid: 1671487:
[14, 51, 84, 96, 116, 152, 200, 208, 232, 340]
uid: 1671521:
[38]
uid: 1671539:
[1, 9, 15, 58, 140, 175, 241, 257, 1105, 1489, 1851]
uid: 1671583:
[1, 519, 575, 2850, 3282, 3315]
uid: 1671630:
[49]
uid: 1671703:
[135]
uid: 1671750:
[104]
uid: 1671800:
[1, 22, 27, 33, 45, 47, 55, 59, 91, 93, 125]
uid: 1671821:
[119, 187]
uid: 1671838:
[50]
uid: 1671841:
[28]
uid: 1671876:
[13, 19, 19, 19, 20, 21, 23, 23, 23, 24, 24, 25, 32, 37, 38, 39, 45, 50, 57, 60, 66, 67, 70, 73, 86, 89, 117, 129, 130, 133, 150, 198, 203, 306, 322, 327, 327, 345, 391, 399, 419, 460, 486, 537, 636, 658, 734, 793, 857, 1550]
uid: 1671879:
[161]
uid: 1671933:
[2, 3, 4, 9, 10]
uid: 1672038:
[31]
uid: 1672052:
[309]
uid: 1672084:
[13]
uid: 1672104:
[103, 209, 276, 565]
uid: 1672151:
[12, 33, 148, 166, 298, 430, 516, 580, 630, 2028]
uid: 1672163:
[13]
uid: 1672182:
[328, 605]
uid: 1672193:
[50]
uid: 1672260:
[16]
uid: 1672264:
[71, 125, 149, 160, 160, 199, 226, 259, 496, 512, 542, 563, 604, 1342, 1832, 2444, 2649]
uid: 1672352:
[27, 912, 1235]
uid: 1672472:
[525, 636, 695, 750]
uid: 1672486:
[111, 118, 937]
uid: 1672591:
[130]
uid: 1672658:
[10, 27, 35]
uid: 1672679:
[1, 259, 328, 854, 1284]
uid: 1672696:
[1, 1, 6, 8, 9, 13, 15]
uid: 1672705:
[1, 28, 65]
uid: 1672731:
[16, 22, 162, 211]
uid: 1672804:
[60]
uid: 1672838:
[1, 1, 1, 1, 1, 2, 4, 4, 5, 5, 6, 7, 9, 9, 10, 10, 20, 34, 38, 45, 52, 77, 97, 98, 105, 105, 106, 109, 109, 112, 149, 188, 191, 205, 213, 215, 280, 303, 336, 673, 755, 809, 1395]
uid: 1672932:
[78, 220]
uid: 1672947:
[6, 7, 9, 94, 122, 188, 234, 249, 317, 370, 380, 415, 424, 487, 619, 655, 1252]
uid: 1672973:
[25, 42, 57, 61, 73, 79, 80, 91, 113, 158, 163, 246, 305, 349]
uid: 1672977:
[213]
uid: 1673037:
[50]
uid: 1673041:
[24]
uid: 1673047:
[2, 2, 4, 4, 5, 15, 17, 20, 29, 32, 55]
uid: 1673095:
[312]
uid: 1673108:
[13, 95, 283]
uid: 1673132:
[22, 201, 232, 412, 574, 836, 951]
uid: 1673133:
[44, 70, 147, 599, 672, 1665]
uid: 1673138:
[1, 49, 118]
uid: 1673141:
[4, 9, 75, 77, 98, 170, 176, 176, 271, 278, 434, 471]
uid: 1673191:
[65]
uid: 1673200:
[79, 144, 599]
uid: 1673208:
[196]
uid: 1673225:
[12]
uid: 1673241:
[19, 19, 20, 34, 62, 68, 147, 179, 241, 590]
uid: 1673284:
[18, 25, 27, 27, 78, 93, 182, 275, 478, 501, 666]
uid: 1673345:
[85, 119, 157]
uid: 1673347:
[2, 68, 71, 698, 817, 2371]
uid: 1673358:
[17]
uid: 1673363:
[597]
uid: 1673375:
[15, 43, 50, 69, 73, 80, 83, 93, 96, 118, 126, 145, 148, 150, 268, 455, 1098]
uid: 1673380:
[1, 40]
uid: 1673394:
[126]
uid: 1673411:
[3, 4, 15, 29, 43, 52, 65, 78, 113, 141]
uid: 1673414:
[45]
uid: 1673416:
[1, 57, 176]
uid: 1673423:
[8, 20, 35]
uid: 1673439:
[11, 12, 14, 16, 54, 70, 94, 127, 180, 268, 304, 326, 339, 550, 2193]
uid: 1673466:
[13, 33, 58, 141, 151, 218, 692, 909]
uid: 1673474:
[42, 50, 133]
uid: 1673485:
[1, 1, 3, 4, 6, 13, 16, 21, 24, 28, 29, 30, 34, 38, 45, 48, 54, 60, 106, 117, 120]
uid: 1673526:
[39, 53, 208]
uid: 1673543:
[18, 21, 23, 32, 34, 36, 43, 49, 50, 77, 79, 94, 95, 96, 101, 104, 106, 116, 131, 132, 136, 143, 144, 176, 212, 239, 837]
uid: 1673576:
[1001, 2168, 2421, 2481, 2641, 2742]
uid: 1673577:
[39, 82, 160]
uid: 1673619:
[22, 85, 148]
uid: 1673684:
[14]
uid: 1673691:
[30, 39]
uid: 1673698:
[10, 10, 46, 61, 89, 93, 97, 110, 196, 236, 304]
uid: 1673705:
[398, 5260, 6821]
uid: 1673721:
[117]
uid: 1673740:
[2, 246, 274, 372, 608]
uid: 1673742:
[278]
uid: 1673748:
[3, 9, 22, 24, 60, 90, 102, 126, 134, 260]
uid: 1673753:
[750]
uid: 1673763:
[190]
uid: 1673765:
[12, 61, 140, 173, 373, 461, 926, 1531]
uid: 1673766:
[27]
uid: 1673768:
[17, 38, 76]
uid: 1673770:
[1, 9, 17, 21, 23, 62, 64, 84, 92, 93, 94, 98, 103]
uid: 1673771:
[12]
uid: 1673818:
[5, 65, 66, 104, 116, 133, 144, 162, 415, 538]
uid: 1673843:
[2, 3, 3, 3, 4, 7, 8, 10, 10, 11, 11, 12, 12, 13, 13, 14, 14, 14, 16, 16, 17, 18, 18, 20, 20, 21, 21, 21, 27, 28, 28, 29, 29, 29, 29, 30, 30, 31, 32, 34, 37, 38, 38, 38, 39, 40, 44, 44, 45, 49, 50, 52, 55, 58, 60, 62, 62, 64, 68, 70, 78, 84, 86, 100, 102, 105, 121, 129]
uid: 1673864:
[38]
uid: 1673884:
[1, 309, 471, 493, 502, 527, 537, 639, 696, 998, 1178, 1339, 1617, 1659, 1673, 1902, 1924, 2273, 2353, 3019, 3480, 3524, 3672, 4476, 6022, 6176, 6534, 7978, 10708, 11661, 15930, 75931]
uid: 1673909:
[368]
uid: 1673914:
[3, 3, 5, 7, 8, 9, 10, 11, 14, 15, 16, 25, 29, 53, 55, 82, 96, 117, 118, 155, 176, 220, 261, 332, 358, 404, 447, 478, 490, 529, 610, 803, 899, 1084, 1286, 1573, 1610, 2057, 5752]
uid: 1673917:
[16]
uid: 1673987:
[24]
uid: 1673990:
[40]
uid: 1673991:
[200]
uid: 1674048:
[17, 18, 25, 30, 41, 99, 123, 127, 140, 180, 247, 257, 592, 835, 990, 1744]
uid: 1674070:
[72, 90]
uid: 1674106:
[1, 1, 39, 41, 52, 89, 110]
uid: 1674117:
[75]
uid: 1674141:
[14, 29, 47, 81, 117, 130, 195, 300, 333]
uid: 1674153:
[48]
uid: 1674180:
[6, 10, 24, 375, 390, 522]
uid: 1674218:
[21, 41, 79, 124, 180, 331, 533, 1303, 1600, 2317]
uid: 1674239:
[95, 150, 168, 179, 300, 637, 947, 1007, 1158, 1208, 1243, 1393, 1398, 3493]
uid: 1674278:
[31, 47, 51, 51, 88, 89, 107, 116, 130, 143, 169, 180, 196, 203, 204, 262, 276, 279, 311, 368, 384, 409, 417, 631]
uid: 1674318:
[13, 19, 60]
uid: 1674359:
[1, 1, 31, 37]
uid: 1674415:
[19, 109, 521, 583, 672, 693, 963, 1507, 1689, 1793]
uid: 1674420:
[5, 5, 35]
uid: 1674427:
[137]
uid: 1674432:
[4, 13, 15, 17, 23, 33, 34, 55, 57, 97, 171, 195, 196, 230, 358, 427, 481, 512, 561, 578, 636, 713, 825, 870, 906, 917, 1727]
uid: 1674443:
[15, 1468]
uid: 1674448:
[4, 21, 28, 36, 44, 68, 73, 85, 144, 168, 257, 260, 511]
uid: 1674449:
[38]
uid: 1674457:
[158]
uid: 1674471:
[113, 186]
uid: 1674488:
[6, 8, 13, 21, 24, 28, 50, 50, 50, 50, 56, 57, 172, 1906, 3042, 3646]
uid: 1674505:
[10, 12, 25, 29, 32, 74, 134, 211, 306, 336, 390]
uid: 1674559:
[27]
uid: 1674590:
[35, 60, 157, 215, 228]
uid: 1674599:
[1, 1, 4, 6, 7, 13, 16, 17, 65, 73, 86, 136, 172, 309, 357, 589, 1149]
uid: 1674602:
[5, 14, 25]
uid: 1674640:
[375]
uid: 1674645:
[12, 21, 36, 55, 61, 78, 86, 111, 112, 143, 144, 149, 150, 163, 179, 181, 188, 196, 256, 273, 351, 355]
uid: 1674647:
[106, 443]
uid: 1674649:
[11, 79, 93, 175, 235]
uid: 1674695:
[9, 25, 48, 61, 211, 345, 689, 1029]
uid: 1674699:
[294, 473, 575, 852, 1037, 1143, 1287, 1307, 2610]
uid: 1674730:
[104, 119, 231, 560, 932, 1064, 1176]
uid: 1674755:
[48, 54, 140, 244, 381]
uid: 1674757:
[13, 205, 394, 777, 883, 1172]
uid: 1674791:
[1, 3, 14, 15, 16, 21, 23, 23, 24, 28, 30, 39, 51, 53, 59, 62, 64, 65, 71, 71, 76, 77, 85, 87, 98, 101, 108, 110, 113, 120, 134, 171, 190, 240, 243, 262, 313, 314, 510, 558, 713]
uid: 1674794:
[2177]
uid: 1674796:
[1, 40, 55, 74, 98]
uid: 1674847:
[18, 158, 278, 357]
uid: 1674854:
[233, 560]
uid: 1674896:
[59, 76, 99, 178]
uid: 1674899:
[246, 1091]
uid: 1674926:
[1, 1, 1, 1, 1, 1, 1, 1, 2, 3, 4, 6, 6, 8, 8, 8, 8, 9, 11, 12, 12, 15, 16, 16, 16, 17, 18, 18, 18, 18, 18, 18, 20, 21, 22, 22, 22, 24, 26, 28, 29, 31, 31, 31, 32, 32, 35, 39, 39, 40, 40, 42, 43, 43, 44, 44, 48, 50, 50, 50, 50, 50, 50, 50, 50, 50, 50, 52, 53, 55, 60, 64, 66, 67, 68, 68, 70, 72, 74, 75, 75, 81, 85, 88, 88, 90, 90, 92, 100, 100, 100, 108, 110, 119, 122, 127, 133, 133, 135, 136, 137, 140, 142, 166, 177, 183, 197, 203, 206, 211, 218, 222, 237, 243, 262, 277, 288, 289, 300, 324, 352, 367, 379, 403, 413, 436, 457, 488, 548, 559, 584, 648, 696, 868, 905, 928, 1422, 3309]
uid: 1674980:
[29, 41, 252]
uid: 1674996:
[1, 4, 5, 5, 5, 6, 8, 10, 10, 11, 13, 13, 15, 15, 16, 17, 25, 25, 27, 30, 31, 33, 35, 49, 53, 54, 66, 97]
uid: 1675004:
[14, 26]
uid: 1675005:
[15, 35]
uid: 1675024:
[13, 15, 22, 24, 39, 61, 70]
uid: 1675025:
[1, 1, 1, 1, 1, 50, 55, 59, 61, 74, 103, 152]
uid: 1675026:
[50]
uid: 1675035:
[81, 87, 88, 396]
uid: 1675049:
[57, 118]
uid: 1675065:
[44, 52]
uid: 1675074:
[57]
uid: 1675079:
[87]
uid: 1675083:
[38, 42, 189, 252]
uid: 1675099:
[7, 14, 16, 16, 30, 30, 36, 62, 80, 101]
uid: 1675112:
[4, 48, 52, 153, 191, 193, 599, 1092]
uid: 1675125:
[56, 92, 225]
uid: 1675126:
[13, 40, 164, 650, 906]
uid: 1675140:
[19, 21, 33, 42, 169, 244, 317, 324, 342, 432, 1098]
uid: 1675146:
[3, 4, 12, 18, 32, 38, 50, 107, 122, 350, 669]
uid: 1675159:
[3, 7, 12, 14, 18, 18, 23, 58, 93, 242, 255, 308, 351, 358]
uid: 1675160:
[386]
uid: 1675161:
[1, 17, 371, 1579]
uid: 1675165:
[156]
uid: 1675167:
[4, 5, 10, 38]
uid: 1675181:
[2, 22, 23, 30, 66, 66, 91]
uid: 1675198:
[7, 14, 110]
uid: 1675228:
[164, 404, 444, 737, 784, 951, 1565]
uid: 1675241:
[14, 50, 95, 259, 301, 426, 724]
uid: 1675242:
[2, 3, 9, 24, 39, 40, 49, 54, 57, 75, 85, 132]
uid: 1675254:
[38, 89, 97, 104, 134, 234]
uid: 1675264:
[1, 2, 37, 39, 50, 57, 68, 186, 194, 304, 321, 335, 454, 467, 521, 624]
uid: 1675266:
[7, 11, 17, 18, 24, 25, 28, 32, 38, 58, 97, 128, 152, 283]
uid: 1675286:
[1, 54, 75, 122, 162, 179, 184, 209, 211, 286, 861, 910, 1145, 1878]
uid: 1675313:
[1, 243, 688]
uid: 1675319:
[16, 32, 118, 172]
uid: 1675346:
[91, 244, 305, 348]
uid: 1675352:
[406]
uid: 1675365:
[1, 5, 21, 37, 41, 42, 44, 45, 53, 54, 56, 73, 75, 76, 82, 94, 108, 108, 113, 113, 118, 151, 154, 166, 183, 185, 241, 270, 291, 316, 346, 370, 429, 543, 695, 700, 715, 919, 1419]
uid: 1675371:
[133]
uid: 1675376:
[270, 526, 536, 772, 860, 896, 1249, 1406, 1696]
uid: 1675377:
[11, 27, 31, 67, 130, 190, 217]
uid: 1675387:
[82, 452]
uid: 1675441:
[31, 152, 195]
uid: 1675448:
[564]
uid: 1675451:
[6, 24, 26, 30, 50, 50, 54, 74, 97, 128, 137, 144, 154, 160, 183, 248, 481, 540, 1654, 1858, 2288, 3019]
uid: 1675454:
[26, 41, 112, 132, 145, 212, 374]
uid: 1675455:
[4, 29]
uid: 1675456:
[149, 222, 245, 295, 331, 451, 526]
uid: 1675462:
[5, 65, 65, 99, 151, 206, 311]
uid: 1675464:
[102, 288, 297, 320, 402]
uid: 1675465:
[10, 13, 36, 37, 39, 62, 65]
uid: 1675466:
[1, 7, 18, 22, 37, 37, 45, 46, 49, 62, 95, 99, 106, 106, 115, 122, 125, 130, 134, 141, 143, 146, 152, 158, 159, 162, 166, 166, 168, 178, 186, 188, 193, 195, 196, 201, 201, 203, 221, 242, 295, 334, 407, 533, 623, 886]
uid: 1675473:
[27, 59, 74, 103, 115, 140, 142, 195, 209, 222, 257, 260, 268, 290, 295, 313, 330, 334, 370, 374, 462, 598, 609, 652, 652, 827, 1179]
uid: 1675489:
[181]
uid: 1675490:
[1, 10, 11, 16, 62]
uid: 1675502:
[230]
uid: 1675507:
[2, 7, 12, 13, 13, 19, 30, 31, 32, 40, 48, 49, 58, 64, 76, 90, 98]
uid: 1675509:
[361]
uid: 1675510:
[1, 19, 36, 59, 60, 89, 249]
uid: 1675513:
[109, 573, 959, 1031, 1101, 1614, 2326]
uid: 1675514:
[10, 15, 157, 393, 1571]
uid: 1675515:
[50]
uid: 1675517:
[9, 23, 67, 179, 203, 209, 946, 1737]
uid: 1675525:
[27, 33, 34, 45, 128, 158, 165, 248, 514]
uid: 1675526:
[27, 33, 34, 45, 203, 224, 260, 306, 316, 676]
uid: 1675528:
[1, 1, 1, 9, 10, 22, 42, 50, 51, 108, 122, 133, 137, 216, 225]
uid: 1675529:
[1, 2, 11, 15, 21, 23, 30, 32, 32, 43, 45, 57]
uid: 1675530:
[6, 27, 33, 34]
uid: 1675531:
[4, 6, 13, 27]
uid: 1675532:
[52, 55]
uid: 1675533:
[6, 9, 12, 14, 15, 20, 29, 58]
uid: 1675534:
[6, 9, 10, 22, 23, 30]
uid: 1675535:
[1, 14, 15, 20, 27, 27, 33, 57, 62, 70, 94]
uid: 1675536:
[1, 14, 16, 20, 27, 33, 57, 59, 70, 74, 80, 94, 94, 96, 112]
uid: 1675539:
[1, 22]
uid: 1675541:
[1, 14, 15, 15, 22, 27, 32, 59, 60, 71, 73, 94]
uid: 1675542:
[1, 14, 18, 20, 27, 33, 34, 57, 61, 72, 73, 73, 94, 95, 96, 112, 128]
uid: 1675543:
[27, 42, 84, 166, 290, 334, 391, 561]
uid: 1675544:
[9, 10, 14, 15, 18, 19, 22, 28, 32, 35, 39, 45, 90, 113, 138, 148, 324]
uid: 1675545:
[27, 34, 35, 44, 73, 96, 186, 487]
uid: 1675546:
[9, 30, 60, 81, 104, 128, 154, 167, 184, 200, 214, 241, 295, 302, 316, 365, 368, 398, 450, 472, 647, 686, 820, 823, 835, 1000, 1222, 1268, 1441, 1509, 1512, 1788, 2300, 2548, 2678, 3546]
uid: 1675547:
[9, 12, 16, 24, 26, 46, 51, 57, 58, 75, 76, 77, 116]
uid: 1675548:
[27, 33, 34, 47, 64, 80, 128, 132, 155, 244]
uid: 1675549:
[27, 33, 34, 45, 73, 92]
uid: 1675550:
[27, 33, 34, 42, 45, 45, 58, 73, 74, 150]
uid: 1675551:
[1, 6, 13, 17, 20, 24, 27]
uid: 1675552:
[17, 27, 34, 34, 44]
uid: 1675553:
[27, 34, 35, 46, 68, 127, 162]
uid: 1675554:
[27, 34, 35, 44, 74, 86]
uid: 1675555:
[13, 27, 33, 34, 35, 45, 80, 83]
uid: 1675556:
[1, 6, 8, 10, 11, 15, 25, 43, 86]
uid: 1675557:
[24, 27, 33, 34, 45, 140, 144]
uid: 1675558:
[27, 33, 34, 47, 59]
uid: 1675559:
[1, 11, 23, 27, 33, 34, 45, 46, 47, 47, 49, 65, 73, 87, 88, 92, 93, 98, 118, 122, 127, 201, 249, 252, 372]
uid: 1675560:
[2, 27, 33, 34, 36, 45, 72, 121]
uid: 1675561:
[2, 5, 7, 14, 24, 25, 44, 49]
uid: 1675562:
[10, 27, 33, 34, 45, 72, 128]
uid: 1675564:
[27, 29, 33, 34, 45, 82]
uid: 1675565:
[7, 27, 34, 36, 45, 73, 128]
uid: 1675566:
[27, 33, 34, 45, 72, 89]
uid: 1675567:
[2, 27, 34, 41, 46]
uid: 1675568:
[22, 33, 34, 45, 74, 185]
uid: 1675569:
[17, 27, 33, 34, 37, 46, 47, 75, 78, 99, 128]
uid: 1675570:
[1, 8, 9, 12, 24, 24, 25, 27, 32, 33, 33, 40, 42, 46, 52, 54, 58, 62, 84, 89, 94, 121, 135, 137, 141, 162, 164, 167, 195, 571, 1150, 1432]
uid: 1675571:
[3, 27, 34, 34, 45, 72, 128]
uid: 1675572:
[27, 32, 34, 34, 45, 61, 73, 100, 127, 159]
uid: 1675573:
[4, 27, 33, 34, 49, 75, 77, 83, 92, 128, 156, 254, 342]
uid: 1675575:
[5, 8, 14, 16, 22, 25, 50, 75]
uid: 1675576:
[7, 9, 12, 20, 27, 34, 38, 38, 44, 47, 62, 73, 79, 86, 123, 126, 150, 167, 172, 308]
uid: 1675577:
[1, 1, 1, 1, 1, 1, 4, 5, 15, 18, 30, 49, 50, 55, 56, 56, 60, 65, 92, 103, 122, 133, 166, 172, 208, 225, 232, 313, 553, 1152, 1568, 1850, 3039, 5255, 6654]
uid: 1675578:
[50]
uid: 1675579:
[50, 76]
uid: 1675580:
[1, 13, 14, 15, 21, 27, 33, 57, 59, 71, 94]
uid: 1675582:
[6, 14, 14, 15, 20, 27, 33, 57, 70, 94]
uid: 1675583:
[1, 2, 2, 12, 16, 30, 96, 97, 111, 127, 128, 134, 139, 141, 148, 174, 187, 198, 428]
uid: 1675584:
[1, 14, 15, 20, 27, 33, 52, 57, 71, 94]
uid: 1675585:
[1, 14, 16, 20, 21, 27]
uid: 1675586:
[11, 12, 27]
uid: 1675587:
[1, 8, 14, 27]
uid: 1675588:
[1, 1, 14, 15, 20, 27, 33, 55, 57, 59, 70, 74, 94]
uid: 1675589:
[11, 27, 33, 34, 45, 47, 62, 72, 79, 90]
uid: 1675590:
[27, 33, 37, 45, 74, 79, 127]
uid: 1675591:
[15, 27, 33, 34, 39, 47, 60, 68, 72, 78, 98, 99, 150]
uid: 1675592:
[1, 14, 15, 18, 20, 34, 40, 57, 59, 72, 74, 96]
uid: 1675593:
[1, 14, 17, 20, 27, 33, 47, 57, 59, 70, 74, 94]
uid: 1675594:
[1, 38, 43, 55, 67, 74, 75, 84]
uid: 1675595:
[1, 13, 14, 18, 20, 27]
uid: 1675596:
[1, 14, 15, 20, 23, 27]
uid: 1675597:
[1, 8, 14, 27]
uid: 1675598:
[1, 8, 14, 27]
uid: 1675599:
[1, 8, 14, 27]
uid: 1675600:
[1, 14, 15, 23, 27, 32, 58, 60, 61, 70, 73, 94, 95, 96]
uid: 1675601:
[1, 8, 14, 15, 20, 27, 33, 57, 59, 71, 73, 94]
uid: 1675602:
[1, 14, 15, 16, 24, 27, 33, 57, 59, 70, 74, 94, 98]
uid: 1675603:
[11, 13, 15, 17, 25, 26, 27, 33, 36, 39, 45, 49, 63, 64, 76, 76, 123, 128]
uid: 1675604:
[7, 27, 30, 34, 35, 35, 37, 118]
uid: 1675605:
[2, 14, 15, 21, 28, 28, 32, 58, 59, 70, 74, 94]
uid: 1675606:
[6, 11, 27, 33, 34, 45, 58, 65, 72, 88]
uid: 1675607:
[9, 24, 27, 42, 48]
uid: 1675608:
[27, 33, 34, 45, 73, 91]
uid: 1675609:
[1, 14, 15, 23, 25, 27, 40, 58, 59, 70, 94]
uid: 1675610:
[13, 27, 33, 34, 45, 73]
uid: 1675612:
[1, 14, 15, 20, 21, 27, 32, 58, 59, 70, 94]
uid: 1675613:
[1, 14, 16, 20, 27, 33, 38, 58, 59, 70, 73, 94, 96, 99]
uid: 1675614:
[27, 33, 34, 43, 46, 73, 127]
uid: 1675615:
[10, 27, 32, 33, 34, 45, 47, 63, 72, 78, 92, 98, 126, 128]
uid: 1675616:
[5, 8, 9, 11, 15, 16, 20, 25, 27, 33, 34, 39, 40, 40, 45, 49, 63, 64, 64, 74, 74, 86, 89, 96, 106, 194, 228, 283]
uid: 1675617:
[11, 24, 26, 45, 48, 202, 267, 356, 448, 562, 582]
uid: 1675618:
[30, 33, 34, 49, 69, 78]
uid: 1675619:
[1, 7, 7, 13, 21, 29, 29, 45, 124, 336]
uid: 1675620:
[1, 14, 15, 21, 27, 33, 57, 73, 84]
uid: 1675621:
[6, 9, 12, 14, 20, 63, 66, 116, 159]
uid: 1675622:
[1, 1, 1, 1, 1, 9, 13, 25, 28, 28, 31, 51, 55, 69, 96, 175, 196]
uid: 1675623:
[27, 33, 34, 46, 103]
uid: 1675624:
[1, 14, 15, 22, 27, 32, 50, 58, 59, 70, 73, 94, 95]
uid: 1675625:
[1, 14, 15, 20, 23, 27, 33, 57, 60, 70, 74, 94, 94, 97, 112]
uid: 1675626:
[1, 14, 16, 21, 27, 33, 53, 57, 70, 94, 100]
uid: 1675627:
[12, 13, 15, 20, 27, 33, 44, 57, 59, 73, 73, 94]
uid: 1675629:
[1, 15, 15, 21, 27, 32, 44, 58, 59, 70, 95]
uid: 1675630:
[1, 11, 27, 33, 34, 45, 47, 49, 62, 63, 64, 72, 75, 79, 85, 91]
uid: 1675631:
[13, 15, 27, 29, 34, 38, 42, 45, 47, 49, 62, 63, 64, 67, 70, 71, 72, 75, 84]
uid: 1675632:
[4, 6, 20, 28, 43, 43, 43, 56, 80, 84, 119]
uid: 1675633:
[9, 12, 16, 19, 26, 42, 44, 58, 58, 61, 76, 77, 90, 102, 173]
uid: 1675634:
[11, 20, 21, 27, 28, 33, 54, 66, 69, 72, 134, 264, 322, 387, 540, 547, 688, 1322]
uid: 1675635:
[1, 8, 10, 11, 12, 12, 12, 20, 22, 24, 29, 33, 35, 37, 38, 40, 41, 41, 51, 52, 56, 59, 64, 72, 77, 80, 82, 86, 95, 149, 168, 169, 175, 236, 245]
uid: 1675636:
[1, 12, 15, 16, 19, 21, 80, 86, 88, 95, 122, 142, 405, 605]
uid: 1675637:
[25]
uid: 1675641:
[55, 84]
uid: 1675642:
[9, 12, 20, 24, 26, 46, 48, 56, 58, 72, 76, 76, 77, 90]
uid: 1675644:
[8, 32, 33, 60]
uid: 1675645:
[8, 27, 27, 33, 34, 45, 72, 99]
uid: 1675646:
[12, 27, 34, 36, 45, 53, 63, 71, 72, 87]
uid: 1675647:
[11, 27, 33, 34, 45, 47, 60, 73, 90, 128]
uid: 1675648:
[19, 33, 34, 50, 93, 199, 220]
uid: 1675649:
[1, 1, 1, 3, 4, 9, 13, 16, 19, 33]
uid: 1675650:
[50]
uid: 1675652:
[35]
uid: 1675655:
[12, 12, 27, 34, 36, 45, 47, 72, 88]
uid: 1675656:
[4, 11, 20, 27, 33, 34, 45, 47, 47, 62, 63, 64, 72, 74, 79, 86, 90]
uid: 1675658:
[3, 27, 33, 36, 45, 96, 143, 155]
uid: 1675660:
[45]
uid: 1675662:
[1, 21, 24, 31, 34, 55, 68, 87, 102, 159, 178]
uid: 1675663:
[1, 7, 16, 27, 32, 33, 34, 45, 48, 48, 57, 63, 63, 64, 72, 78, 86, 93, 97, 125]
uid: 1675664:
[11, 17, 26, 30, 32, 34, 35, 53, 60, 61, 68, 73, 73, 105]
uid: 1675665:
[13, 27, 29, 33, 34, 40, 45, 47, 62, 70, 83, 83]
uid: 1675666:
[1, 1, 1, 1, 3, 3, 5, 17, 21, 29, 30, 30, 30, 31, 36, 39, 45, 48, 48, 61, 63, 64, 76, 81, 86, 96, 100, 110, 124, 252]
uid: 1675667:
[1, 1, 1, 4, 8, 9, 14, 15, 18, 19, 19, 26, 30, 31, 34, 35, 39, 40, 45, 48, 52, 57, 62, 84, 138, 140, 241, 250, 361, 632, 2305, 3662]
uid: 1675668:
[11, 27, 31, 33, 34, 45, 72, 90]
uid: 1675669:
[6, 8, 40, 46]
uid: 1675670:
[5, 9, 13, 19, 38, 43]
uid: 1675672:
[1, 1, 12, 21, 30, 35]
uid: 1675675:
[5, 9, 18, 18, 21, 23, 25, 30, 32, 35, 48, 56, 57, 66, 125, 130, 169, 186]
uid: 1675676:
[4, 50]
uid: 1675677:
[11, 27, 34, 36, 39, 44, 47, 63, 73, 88]
uid: 1675678:
[1, 17, 32]
uid: 1675679:
[13, 27, 34, 40, 45, 45, 47, 62, 72, 84]
uid: 1675680:
[15, 27, 34, 35, 40, 45, 50, 78, 82, 100, 192, 335]
uid: 1675681:
[1, 1, 5, 9, 9, 13, 19, 21, 27, 45]
uid: 1675682:
[50]
uid: 1675684:
[1, 27, 61]
uid: 1675685:
[12, 13, 18, 19, 27]
uid: 1675686:
[11, 13, 27, 32, 33, 34, 43, 43, 45, 72, 91]
uid: 1675690:
[9, 9, 9, 13, 15, 16, 29]
uid: 1675691:
[9, 12, 24, 24]
uid: 1675692:
[4, 5, 7, 8, 12, 17, 18, 29]
uid: 1675693:
[2, 9, 11, 12, 19, 22, 57, 68]
uid: 1675694:
[25, 43, 48, 66, 134]
uid: 1675695:
[1, 14, 16, 20, 27, 33, 47, 57, 70]
uid: 1675696:
[4, 14, 15, 20, 22, 33, 57, 70, 84]
uid: 1675697:
[30, 33, 34, 45, 58]
uid: 1675699:
[9, 10, 12, 19]
uid: 1675700:
[2, 5, 8, 9, 12, 14]
uid: 1675701:
[1, 14, 15, 20, 27, 33, 38, 57, 59, 70, 94]
uid: 1675702:
[1, 9, 12, 19, 44, 65]
uid: 1675703:
[9, 12, 12, 19, 24, 31, 40, 51]
uid: 1675705:
[9, 9, 12, 20]
uid: 1675706:
[1, 14, 15, 20, 27, 33, 58, 59, 69, 70, 72, 73, 94, 95, 96, 112, 128]
uid: 1675707:
[3, 14, 15, 20, 22, 33, 41, 57, 70, 94]
uid: 1675708:
[11, 24, 48, 183, 353, 497]
uid: 1675709:
[1, 14, 15, 20, 27, 33, 33, 57, 59, 72, 94]
uid: 1675710:
[3, 11, 55, 66, 90, 132, 148]
uid: 1675711:
[5, 7, 9, 12, 24]
uid: 1675712:
[1, 4, 14, 15, 19, 22, 27, 33, 57, 70, 74, 83, 94]
uid: 1675713:
[3, 11, 27, 30, 33, 34, 45, 72, 91]
uid: 1675714:
[50]
uid: 1675715:
[6, 9, 12, 12, 13, 18, 25, 29, 32, 34, 35, 65, 80, 107, 108]
uid: 1675716:
[8, 9, 15, 16, 17, 18, 34, 36, 97, 101]
uid: 1675718:
[9, 12, 18, 21, 24, 29, 44, 50, 56, 131]
uid: 1675719:
[11, 12, 27, 34, 36, 40, 45, 49, 55, 62, 69, 72, 89, 125, 139]
uid: 1675723:
[9, 10, 12, 19]
uid: 1675724:
[5, 9, 12, 16, 19, 30, 63]
uid: 1675725:
[1, 6, 14, 129]
uid: 1675727:
[9, 9, 14, 18]
uid: 1675728:
[9, 12, 19, 20]
uid: 1675729:
[9, 9, 12, 20, 27, 73]
uid: 1675730:
[2, 14, 28, 30, 60, 127, 138, 156, 175, 231, 267, 322, 363, 407, 420, 430, 431, 522, 1128, 1157]
uid: 1675731:
[9, 10, 12, 19]
uid: 1675732:
[27, 34, 36, 39, 44, 80]
uid: 1675733:
[4, 27, 34, 35]
uid: 1675734:
[1, 3, 11, 12, 27]
uid: 1675735:
[7, 9, 12, 13, 15, 20, 22, 24, 28]
uid: 1675737:
[9, 11, 12, 12, 12, 19, 19, 21, 23, 23, 23, 38, 42, 48, 70, 75, 92]
uid: 1675738:
[27, 33, 34, 44, 45, 92, 128, 155, 228, 372]
uid: 1675739:
[9, 14, 19, 19, 22, 27, 37, 61, 94]
uid: 1675740:
[3, 17, 100, 110, 157]
uid: 1675742:
[3, 10, 16, 22, 26, 26, 51, 58, 59, 92, 94, 288, 291, 345, 473]
uid: 1675743:
[3, 27, 35, 35]
uid: 1675744:
[10, 11, 17, 27, 29, 33, 34, 43, 45, 47, 48, 51, 54, 55, 61, 62, 64, 74, 75, 86, 88, 94, 106, 120, 145, 302, 320, 359, 372, 1186]
uid: 1675746:
[29, 38, 83]
uid: 1675747:
[1, 8, 27, 40, 48, 60, 68, 77, 101, 106, 121, 131, 132, 163, 194, 195, 234, 242, 260, 340, 355, 400]
uid: 1675748:
[3, 9, 13, 15, 19, 19, 23, 26, 27, 38, 57, 60, 61, 67, 91, 105, 112]
uid: 1675751:
[1, 14, 15, 20, 27, 33, 45, 57, 59, 70, 94]
uid: 1675753:
[1, 14, 15, 20, 27, 33, 42, 57, 59, 70, 94]
uid: 1675754:
[1, 14, 15, 20, 27, 33, 41, 57, 60, 71, 94]
uid: 1675755:
[1, 14, 15, 20, 27, 33, 34, 57, 59, 70, 72, 74, 94, 94, 96, 112, 128]
uid: 1675756:
[1, 14, 15, 20, 28, 34, 53, 57, 60, 70, 74, 94, 94, 96, 112, 128]
uid: 1675757:
[5, 7, 8, 9, 12, 22]
uid: 1675758:
[2, 7, 7, 7, 12, 19, 24, 72]
uid: 1675759:
[127]
uid: 1675761:
[4, 5, 5, 7, 22, 24, 26, 27, 50, 65, 75, 140, 341]
uid: 1675762:
[9, 13, 22, 24, 26]
uid: 1675763:
[27, 33, 34, 45, 82, 128, 131, 155, 209, 229]
uid: 1675764:
[4, 7, 26, 30, 47, 52, 60, 61, 62, 89]
uid: 1675765:
[4, 13, 24, 41, 46, 59, 83]
uid: 1675766:
[1, 1, 1, 1, 1, 1, 2, 2, 2, 2, 2, 2, 3, 4, 4, 4, 5, 5, 6, 6, 7, 8, 9, 10, 10, 12, 12, 14, 14, 14, 14, 15, 17, 18, 19, 19, 20, 20, 21, 21, 21, 21, 21, 22, 24, 24, 24, 24, 25, 26, 26, 28, 29, 29, 30, 31, 32, 32, 33, 34, 34, 35, 37, 39, 39, 39, 40, 42, 42, 42, 44, 45, 46, 48, 48, 48, 48, 49, 49, 49, 50, 50, 50, 50, 50, 50, 50, 50, 50, 50, 50, 50, 50, 50, 50, 50, 50, 50, 50, 50, 50, 50, 50, 50, 50, 50, 50, 50, 50, 51, 51, 53, 53, 55, 57, 59, 59, 60, 61, 62, 62, 62, 63, 63, 64, 66, 66, 66, 67, 67, 67, 69, 70, 70, 70, 70, 71, 71, 74, 77, 81, 82, 83, 86, 86, 87, 87, 89, 89, 92, 93, 93, 93, 94, 96, 96, 96, 96, 100, 100, 100, 100, 104, 104, 104, 104, 105, 105, 106, 107, 108, 109, 110, 112, 113, 114, 114, 115, 115, 117, 117, 117, 118, 122, 123, 127, 127, 127, 128, 129, 130, 130, 132, 132, 134, 135, 136, 136, 138, 139, 141, 144, 148, 148, 148, 149, 150, 150, 151, 153, 154, 157, 160, 160, 163, 165, 169, 170, 172, 173, 174, 175, 176, 177, 178, 179, 182, 183, 184, 184, 185, 187, 189, 202, 203, 203, 204, 205, 206, 207, 210, 211, 214, 218, 220, 229, 229, 233, 237, 239, 240, 240, 242, 247, 248, 250, 250, 256, 270, 274, 275, 278, 286, 309, 312, 314, 319, 323, 323, 323, 336, 337, 338, 339, 340, 343, 349, 357, 365, 369, 369, 371, 372, 374, 388, 393, 411, 414, 423, 424, 432, 432, 432, 435, 436, 445, 453, 455, 476, 487, 489, 494, 494, 508, 516, 519, 520, 525, 526, 530, 536, 543, 556, 639, 660, 685, 913, 944]
uid: 1675767:
[1, 1, 1, 1, 9, 10, 14, 14, 20, 25, 38, 66]
uid: 1675768:
[1, 6, 14, 17, 20, 27, 36, 58, 70, 98]
uid: 1675769:
[1, 1, 10, 14, 18, 106]
uid: 1675770:
[1, 1, 1, 1, 2, 2, 5, 7, 9, 11, 13, 13, 14, 14, 15, 16, 19, 21, 23, 24, 25, 28, 31, 42, 49, 75, 85]
uid: 1675771:
[27, 33, 34, 45, 76, 122, 156, 182, 261, 664, 1020]
uid: 1675772:
[21, 29, 39, 52, 61, 61, 63, 64, 70, 94, 107, 115, 195, 525, 540]
uid: 1675774:
[1, 1, 1, 14, 14, 27, 27, 30, 35, 35, 36, 83]
uid: 1675775:
[3, 22, 33, 34, 46, 72, 128, 186, 210, 373, 422, 845, 2021, 2320]
uid: 1675776:
[27, 36, 43, 54, 87, 103]
uid: 1675778:
[8, 9, 12, 17, 19, 25, 30, 49, 52, 56, 57, 78, 137]
uid: 1675781:
[15, 17, 18, 20, 30]
uid: 1675782:
[4, 9, 13, 14, 16, 17, 26, 27, 46, 70]
uid: 1675783:
[9, 10, 12, 19]
uid: 1675784:
[2, 7, 9, 12, 13, 23, 24, 28, 33, 34, 38, 53, 57, 63, 74]
uid: 1675785:
[3, 19, 33]
uid: 1675786:
[1, 12, 16, 27, 33, 36, 40, 41, 45, 58, 63, 72, 78, 88]
uid: 1675787:
[6, 10, 27, 27, 33, 34, 45, 58, 72, 78, 94]
uid: 1675788:
[12, 15, 16, 20, 27, 33, 57, 59, 60, 71, 73, 94, 96, 101]
uid: 1675789:
[2, 8, 8, 10, 13, 13, 30, 30, 41, 57, 75]
uid: 1675790:
[1, 21, 27, 27, 28, 34, 35, 35, 39, 45, 49, 58, 73, 78, 127]
uid: 1675791:
[17, 27, 30, 37, 39]
uid: 1675792:
[11, 27, 33, 34, 45, 52, 59, 72, 78, 89]
uid: 1675793:
[4, 5, 41]
uid: 1675794:
[1, 1, 9, 9, 14, 14, 26, 27, 27, 65]
uid: 1675796:
[2, 11, 27, 33, 34, 45, 58, 74, 79, 81, 90, 440]
uid: 1675797:
[2, 55, 57, 117]
uid: 1675802:
[4, 9, 12, 17, 20]
uid: 1675803:
[9, 10, 12, 19]
uid: 1675804:
[9, 11, 30]
uid: 1675805:
[9, 12, 24, 26, 29, 46, 57, 58, 63, 78, 89]
uid: 1675806:
[27, 33, 34, 57, 106, 127, 156, 221, 325, 494, 614]
uid: 1675807:
[4, 9, 12, 16, 17, 19, 29, 41, 50, 58, 59, 94]
uid: 1675808:
[1, 9, 9, 12, 19, 19, 31]
uid: 1675809:
[1, 6, 9, 12, 16, 19, 20, 22, 23, 33, 34, 57, 59, 70, 94]
uid: 1675810:
[1, 6, 8, 8, 9, 11, 15, 19, 20, 20, 24, 32, 33, 48, 55, 57, 64, 74]
uid: 1675811:
[2, 8, 10, 13, 13, 16, 18]
uid: 1675812:
[25]
uid: 1675813:
[4, 6, 8, 11, 15, 27, 30, 34, 35, 41, 44]
uid: 1675814:
[1, 9, 12, 19, 19, 24, 33, 57, 86, 99]
uid: 1675815:
[1, 1, 14, 24, 25, 28, 30, 30, 31, 33, 44, 59, 216]
uid: 1675817:
[1, 9, 12, 16, 24, 36, 51, 57, 70, 106]
uid: 1675818:
[1, 1, 1, 1, 3, 12, 14, 20, 26, 27, 28, 30, 35, 42, 50, 58, 68, 95, 106, 122, 127, 136, 139, 162, 178, 251]
uid: 1675819:
[10, 11, 12, 29, 30, 31, 50, 54, 55, 92]
uid: 1675820:
[50]
uid: 1675821:
[36, 124]
uid: 1675822:
[27, 33, 34, 55, 89, 128, 155, 213, 854]
uid: 1675823:
[9, 21, 30, 33, 121, 165, 188, 236, 289, 526]
uid: 1675824:
[1, 10, 16, 30, 45]
uid: 1675825:
[27, 34, 38, 45, 80, 130, 139, 193, 548]
uid: 1675826:
[9, 27, 34, 34, 45, 59, 72, 78, 93, 96, 160, 903]
uid: 1675827:
[9, 10, 12, 19]
uid: 1675828:
[11, 27, 33, 34, 39, 45, 74, 83]
uid: 1675829:
[1, 9, 12, 19, 20, 29, 33, 33, 35, 43, 54, 64, 71, 77]
uid: 1675830:
[9, 10, 12, 23, 24, 24, 24, 25, 31, 35, 44, 50, 52, 53, 63, 93]
uid: 1675831:
[1, 6, 6, 8, 10, 14, 18, 20, 20, 23, 26, 27, 53]
uid: 1675833:
[4, 10, 12, 20, 24, 30]
uid: 1675834:
[9, 12, 16, 19, 20, 24, 50]
uid: 1675835:
[9, 12, 15, 24, 33, 36, 71]
uid: 1675836:
[1, 3, 7, 9, 13, 17]
uid: 1675837:
[1, 9, 12, 16, 18, 22, 24, 26, 30, 52, 74, 80, 107]
uid: 1675838:
[1, 27, 33, 34, 38, 47, 72, 80, 80, 83, 128, 136, 167, 172]
uid: 1675839:
[27, 33, 34, 45, 73, 113, 134, 166]
uid: 1675840:
[16, 18, 27, 33, 34, 34, 37, 40, 40, 43, 45, 52, 59, 62, 63, 99, 103, 128, 166]
uid: 1675841:
[27, 28, 34, 35, 37, 38, 45, 66, 72, 98, 99, 114, 128, 338]
uid: 1675842:
[19, 30, 60, 63]
uid: 1675844:
[2, 3, 12, 18, 27, 33, 33, 34, 45, 56, 58, 69, 72, 74, 79, 91, 117, 118, 158]
uid: 1675846:
[9, 9, 27, 34, 34, 44, 51, 63, 73, 96]
uid: 1675847:
[13, 27, 34, 34, 35, 45, 50, 58, 81, 86, 137, 180, 356]
uid: 1675848:
[15, 23, 25, 27, 33, 34, 45, 48, 75, 91]
uid: 1675849:
[1, 14, 15, 22, 27, 32, 59, 60, 60, 70, 73, 94, 95]
uid: 1675850:
[27, 33, 34, 45, 72, 160]
uid: 1675851:
[1, 13, 23, 26, 33, 34, 40, 46, 49, 51, 58, 64, 73, 74, 75, 79, 127]
uid: 1675852:
[10, 27, 33, 34, 39, 41, 45, 47, 49, 63, 72, 81, 92, 99]
uid: 1675853:
[9, 14, 17, 17, 18, 25]
uid: 1675854:
[10, 12, 27, 28, 33, 34, 40, 47, 58, 72, 78, 89, 94]
uid: 1675855:
[1, 9, 10, 12, 12, 17, 17, 21, 24, 27, 34, 36, 40, 59, 80, 98]
uid: 1675857:
[9, 10, 12, 19]
uid: 1675858:
[9, 12, 15, 24, 28, 34, 36, 42, 46, 50, 64, 67]
uid: 1675859:
[6, 6, 27, 34, 35, 47, 94]
uid: 1675860:
[1, 2, 5, 14, 20, 22, 25, 25, 27, 33, 57, 70, 74, 75, 94]
uid: 1675862:
[1, 5, 9, 12, 13, 16, 24, 30, 37, 46, 50, 62, 65, 91]
uid: 1675863:
[27, 33, 39, 49, 68, 128, 168]
uid: 1675864:
[1, 1, 2, 3, 3, 4, 7, 9, 10, 11, 17, 24, 26, 27, 30, 91, 166, 200, 310, 313, 732]
uid: 1675865:
[13, 27, 35, 37, 43, 45, 46, 84, 90]
uid: 1675866:
[11, 17, 27, 33, 34, 45, 45, 49, 50, 63, 63, 72, 90]
uid: 1675867:
[2, 9, 12, 12, 12, 17, 24, 25, 34, 56, 57, 58, 59, 63, 64, 74, 106]
uid: 1675868:
[1, 1, 1, 2, 8, 14, 19, 23, 27, 30, 90, 96, 111, 125, 142]
uid: 1675869:
[1, 10, 27, 33, 34, 36, 45, 47, 48, 63, 63, 71, 93, 141, 145, 321]
uid: 1675871:
[7, 9, 12, 22, 24, 26]
uid: 1675872:
[4, 7, 12, 16, 30]
uid: 1675873:
[9, 10, 12, 19]
uid: 1675874:
[27, 34, 34, 69, 196]
uid: 1675875:
[9, 16, 16, 29, 30, 50]
uid: 1675876:
[27, 33, 34, 46, 117, 141, 160, 209, 276, 336]
uid: 1675877:
[1, 1, 6, 9, 14, 19]
uid: 1675878:
[4, 5, 5, 12, 18, 19, 31]
uid: 1675880:
[14, 49, 49, 57, 83]
uid: 1675882:
[9, 10, 12, 19]
uid: 1675884:
[1, 9, 11, 12, 16, 24, 32]
uid: 1675887:
[3, 10, 21, 27, 33, 34, 41, 45, 51, 63, 72, 92, 114, 133, 158]
uid: 1675888:
[9, 13, 17, 18, 35, 58]
uid: 1675889:
[4, 9, 12, 21]
uid: 1675890:
[1, 9, 14, 14, 16, 16, 30]
uid: 1675891:
[7, 9, 10, 12, 12, 14, 15, 23, 24, 34, 40, 53, 58, 65, 74, 77, 119]
uid: 1675892:
[5, 9, 12, 24]
uid: 1675893:
[9, 12, 24, 29, 30]
uid: 1675894:
[27, 34, 55, 67]
uid: 1675896:
[1, 1, 9, 12, 27]
uid: 1675897:
[4, 9, 12, 17, 19, 29, 32, 33, 70, 71, 79]
uid: 1675898:
[2, 9, 12, 18, 19, 28, 29, 32, 58, 58, 59, 94]
uid: 1675899:
[50]
uid: 1675900:
[1, 1, 19, 27, 38, 44, 44, 45, 59, 64, 66, 89, 91, 95, 106, 109, 115, 122, 131, 133, 164, 215, 223, 384, 714]
uid: 1675901:
[17, 29, 33, 34, 34, 49, 130, 181]
uid: 1675902:
[9, 10, 12, 19]
uid: 1675903:
[5, 9, 12, 24]
uid: 1675904:
[23, 27]
uid: 1675905:
[9, 12, 16, 19, 35, 47, 69]
uid: 1675906:
[5, 9, 12, 17, 19, 24, 36]
uid: 1675907:
[1, 11, 27, 33, 34, 45, 47, 63, 65, 76, 89, 207]
uid: 1675908:
[1, 4, 10, 14, 20, 21, 33, 58, 60, 62, 70, 76, 94]
uid: 1675909:
[13, 18, 36, 38, 55, 65]
uid: 1675910:
[1, 14, 15, 20, 27, 31, 33, 57, 59, 70, 74, 80, 90, 90, 94, 96, 112, 124, 128]
uid: 1675912:
[9, 12, 12, 18, 19]
uid: 1675913:
[7, 9, 12, 22]
uid: 1675914:
[6, 9, 12, 17, 19, 39, 41, 50, 58, 61, 62, 71]
uid: 1675915:
[2, 9, 10, 13, 16]
uid: 1675916:
[1, 9, 14, 15, 25, 32, 36, 58, 59, 70, 73, 94, 95]
uid: 1675917:
[12, 12, 24, 30, 30, 95, 99, 117, 150, 152, 191, 495, 1049, 1715, 1893]
uid: 1675918:
[1, 9, 11, 14, 15]
uid: 1675919:
[1, 4, 5, 14, 16, 22, 45, 57, 70, 70, 79, 94, 95, 99]
uid: 1675920:
[4, 5, 14, 27]
uid: 1675921:
[3, 49, 98]
uid: 1675922:
[1, 14, 16, 20, 27, 33, 57, 70, 80]
uid: 1675923:
[1, 9, 11, 14, 15]
uid: 1675924:
[1, 9, 11, 14, 15]
uid: 1675925:
[1, 6, 9, 12, 14, 15, 16, 20, 22, 27, 29, 30, 42, 57, 70, 75]
uid: 1675926:
[5, 8, 13, 14, 15, 20, 27, 33, 62, 88, 90, 99, 156]
uid: 1675927:
[32]
uid: 1675928:
[11, 24, 27, 33, 34, 45, 47, 51, 62, 72, 90, 98, 102]
uid: 1675929:
[1, 1, 35, 55]
uid: 1675930:
[14, 27, 29, 33, 34, 45, 70, 72, 97]
uid: 1675931:
[11, 27, 33, 36, 38, 45, 58, 72, 77, 91, 528]
uid: 1675932:
[1, 14, 15, 20, 27, 33, 57, 58, 70]
uid: 1675933:
[1, 9, 11, 14, 15]
uid: 1675934:
[1, 7, 9, 14, 15, 21, 33]
uid: 1675935:
[1, 14, 15, 20, 25, 27, 33, 57, 70, 94]
uid: 1675936:
[9, 10, 12, 19]
uid: 1675937:
[5, 9, 12, 24]
uid: 1675938:
[9, 10, 12, 19]
uid: 1675939:
[9, 12, 17, 24]
uid: 1675940:
[19, 24, 28, 48, 53]
uid: 1675941:
[9, 12, 17, 24, 37, 51]
uid: 1675942:
[9, 13, 13, 15, 18, 19, 25, 38, 50, 62, 65, 66, 165]
uid: 1675943:
[9, 10, 12, 17, 24, 28]
uid: 1675946:
[1, 27, 33, 34, 46, 50, 92, 162]
uid: 1675947:
[5, 13, 27, 34, 37, 40, 45, 58, 73, 78, 84]
uid: 1675948:
[9, 10, 12, 19]
uid: 1675950:
[1, 9, 14, 20, 21, 25, 28, 31, 33]
uid: 1675952:
[8, 9, 12, 18, 20, 25, 29, 30, 30, 32, 45, 51, 55, 55, 58, 61, 98, 120]
uid: 1675953:
[4, 9, 12, 16, 21, 34, 54]
uid: 1675954:
[8, 9, 13, 16, 17, 17]
uid: 1675955:
[3, 9, 12, 12, 14]
uid: 1675956:
[4, 6, 9, 12, 19]
uid: 1675957:
[4, 9, 11, 13, 18, 20, 28, 33, 34, 36, 50, 57, 59, 71, 75, 94]
uid: 1675958:
[3, 27, 33, 34, 46, 56, 59, 69, 70, 72, 73, 94]
uid: 1675959:
[9, 27, 40, 58, 66]
uid: 1675960:
[7, 8, 27, 33, 34, 45, 58, 65, 72, 73, 100]
uid: 1675961:
[1, 14, 15, 17, 20, 27, 33, 57, 60, 71, 73, 94]
uid: 1675962:
[10, 27, 29, 34, 35, 45, 47, 63, 72, 92]
uid: 1675963:
[1, 9, 14, 15, 20, 27, 34, 57, 59, 70, 74, 94, 95]
uid: 1675964:
[7, 10, 15, 18, 19, 26, 27, 28, 29, 30, 32, 34, 42, 47, 48, 68, 108, 118]
uid: 1675965:
[23, 27]
uid: 1675966:
[10, 20, 27, 34, 35, 51, 52, 59, 63, 78, 94]
uid: 1675967:
[1, 9, 14, 15, 21, 33, 49, 58]
uid: 1675968:
[1, 14, 15, 20, 27, 33, 36, 57, 60, 70, 73, 94]
uid: 1675969:
[1, 4, 9, 14, 18, 20, 34]
uid: 1675970:
[1, 14, 15, 20, 27, 34, 58, 59, 68, 70, 73, 94, 95, 97, 112]
uid: 1675971:
[1, 3, 4, 8, 12, 15, 20, 29, 32, 37, 46, 48, 56, 75, 94]
uid: 1675972:
[13, 27, 34, 34, 38, 45, 46, 63, 80, 85, 101, 126, 129]
uid: 1675973:
[11, 27, 33, 34, 45]
uid: 1675974:
[1, 14, 15, 20, 27, 33, 57, 59, 70, 73, 74, 94, 94, 96, 96, 116, 132]
uid: 1675975:
[1, 14, 15, 21, 28, 33, 57, 59, 70, 72, 74, 80, 90, 94, 94, 96, 100, 107, 109, 110, 112, 120, 120, 123, 128, 130, 131, 133, 142]
uid: 1675976:
[21, 27, 30, 33, 34, 45, 59, 62, 74, 79, 97, 102]
uid: 1675977:
[19, 22, 22, 28, 33, 34, 45, 76, 102, 131, 144]
uid: 1675978:
[10, 27, 33, 34, 45, 48, 59, 73, 78, 92]
uid: 1675979:
[12, 27, 33, 36, 46, 53, 62, 72, 72, 87]
uid: 1675980:
[11, 27, 33, 34, 45, 47, 49, 52, 63, 72, 78, 90]
uid: 1675981:
[7, 8, 18, 27, 30, 33, 34, 45, 52, 64, 69, 70, 72, 99]
uid: 1675983:
[7, 13, 20, 27, 34, 48, 50, 51]
uid: 1675984:
[2, 27, 32, 39, 67, 283]
uid: 1675985:
[9, 10, 12, 18, 20, 24, 26, 34, 38, 40, 67, 68, 77, 134]
uid: 1675986:
[62]
uid: 1675987:
[11, 26, 27, 33, 34, 45, 47, 72, 90]
uid: 1675988:
[1, 12, 20, 27, 34, 34, 45, 46, 47, 63, 65, 72, 79, 88, 98, 117, 158, 160, 187]
uid: 1675989:
[4, 9, 12, 16, 19, 40]
uid: 1675990:
[9, 10, 12, 19]
uid: 1675991:
[9, 12, 18, 24, 26, 39, 61, 68, 83, 111]
uid: 1675993:
[27, 73]
uid: 1675994:
[2, 5, 6, 10, 12, 29, 39, 44, 66, 87]
uid: 1675996:
[5, 10, 13, 14, 16, 24, 27, 27, 46]
uid: 1675997:
[11, 11, 19, 21, 40, 82, 107]
uid: 1675998:
[27, 33, 34, 45, 73, 128, 146, 149, 198, 208]
uid: 1675999:
[1, 1, 1, 2, 3, 7, 8, 11, 27, 28, 30, 38, 94, 102, 122]
uid: 1676000:
[1, 8, 14, 27]
uid: 1676001:
[1, 6, 10, 13, 18, 22, 27, 30, 33, 34, 35, 45, 51, 52, 62, 72, 90, 92, 128, 143, 149, 158, 240, 266, 300]
uid: 1676002:
[63, 74]
uid: 1676003:
[1, 1, 1, 16, 25, 32, 82, 98]
uid: 1676004:
[12, 13, 15, 20, 27, 33, 34, 57, 59, 70, 72, 73, 80, 90, 94, 95, 96, 112, 128]
uid: 1676005:
[40, 59, 67, 85, 89, 185, 256, 261, 465]
uid: 1676006:
[1, 2, 14, 20, 26, 27, 50, 78, 162]
uid: 1676007:
[1, 14, 15, 22, 27, 33, 57, 59, 71, 73, 74, 80, 90, 94, 95, 96, 99, 100, 112, 128]
uid: 1676008:
[1, 14, 15, 21, 27, 33, 57, 59, 61, 70, 73, 95, 95]
uid: 1676009:
[1, 12, 16, 27, 29, 65]
uid: 1676012:
[1, 20, 55, 74]
uid: 1676013:
[15, 46, 150, 300, 406, 435, 500]
uid: 1676014:
[1, 2, 27, 37, 60, 65, 117, 148, 184, 188, 374, 514, 930]
uid: 1676015:
[9, 10, 12, 19]
uid: 1676016:
[9, 9, 12, 19, 20, 31]
uid: 1676017:
[4, 10, 12, 24]
uid: 1676018:
[5, 9, 12, 24]
uid: 1676019:
[1, 9, 13, 16, 18, 21, 29, 37, 41, 41, 46, 57, 69, 95]
uid: 1676020:
[1, 12, 14, 15, 20, 27, 33, 59, 63, 70, 73, 94, 95, 97]
uid: 1676021:
[1, 14, 16, 21, 27, 32, 58, 59, 70, 74, 93, 95]
uid: 1676022:
[9, 15, 22, 24, 34, 47, 58, 70, 76, 76, 77, 89, 93, 97, 103, 115, 123, 160, 352, 480, 528, 560, 640, 720, 800, 920, 1040, 1843]
uid: 1676023:
[1, 14, 15, 20, 27, 34, 40, 57, 59, 70, 73, 74, 94, 94, 96, 112, 128]
uid: 1676024:
[5, 14, 16, 20, 27, 37, 56, 58]
uid: 1676025:
[1, 14, 15, 20, 27, 33, 56, 57, 59, 70, 74, 80, 81, 94, 94, 96, 112, 128]
uid: 1676026:
[2, 4, 11, 27, 33, 34, 59, 64, 86, 87, 95, 156]
uid: 1676027:
[3, 5, 11, 13, 14, 27, 34, 34, 34, 40, 45, 51, 59, 65, 74, 91, 100, 109, 158]
uid: 1676028:
[16, 17, 25, 27, 34, 35, 56, 67, 106, 244, 263, 310, 454, 958]
uid: 1676029:
[1, 4, 14, 15, 20, 27, 33, 57, 59, 70, 73, 95]
uid: 1676031:
[1, 14, 19, 20, 27, 33, 57, 59, 67, 70, 94]
uid: 1676032:
[4, 5, 9, 9, 9, 10, 13, 14, 16, 17, 23, 26, 32, 40, 40, 48, 53, 60, 67, 78, 83, 83, 83]
uid: 1676034:
[1, 1, 1, 1, 1, 4, 4, 4, 5, 8, 9, 10, 15, 16, 16, 17, 25, 25, 35, 35, 35, 35, 46, 47, 48, 49, 55, 65, 71, 72, 95, 138, 232, 247, 533]
uid: 1676035:
[10, 20, 21, 34, 40, 64, 72, 83, 150]
uid: 1676036:
[27, 33, 34, 45, 176, 537, 629, 673, 863, 1224]
uid: 1676037:
[27, 34, 35, 49, 139, 174, 268]
uid: 1676040:
[27, 34, 50, 57, 77, 91, 95, 97, 130, 134, 157, 310, 514]
uid: 1676041:
[27, 33, 34, 48, 73, 133, 165, 253, 256, 609]
uid: 1676042:
[6, 28]
uid: 1676043:
[38]
uid: 1676044:
[25, 42, 76]
uid: 1676045:
[19, 20, 62]
uid: 1676046:
[1, 1, 2, 14, 30, 52]
uid: 1676047:
[1, 1, 6, 7, 7, 7, 14, 16, 24, 25, 26, 27, 38, 42]
uid: 1676048:
[9, 10, 12, 21, 24, 25]
uid: 1676049:
[19, 112]
uid: 1676050:
[19, 31]
uid: 1676051:
[1, 2, 9, 12, 14, 16, 19, 26, 41, 42, 46, 48, 58, 61, 61, 71, 88, 97]
uid: 1676052:
[9, 15, 16, 22, 27, 46, 57, 58]
uid: 1676053:
[14, 31]
uid: 1676054:
[9, 12, 17, 22, 24, 28, 46, 51, 58, 59, 73, 76, 77]
uid: 1676055:
[1, 7, 9, 12, 16, 24, 30, 30, 33, 44, 47, 55, 68, 80, 85, 90, 100, 141]
uid: 1676056:
[27, 39, 84]
uid: 1676057:
[7, 55, 60, 66, 67, 73, 74, 87, 102, 112, 133, 144]
uid: 1676059:
[50]
uid: 1676061:
[6, 6, 9, 11, 20, 25]
uid: 1676062:
[1, 1, 1, 6, 13, 13, 13, 20, 24, 26, 27, 28, 28, 30, 30, 30, 34, 37, 45, 45, 55, 57, 62, 68, 68, 74, 77, 79, 79, 81, 106, 111, 115, 116, 119, 120, 121, 126, 127, 127, 140, 167, 168, 195, 199, 206, 206, 212, 234, 234, 279, 281, 310, 345, 351, 355, 359, 384, 392, 422, 441, 631, 647, 1724]
uid: 1676065:
[5, 6, 8, 15, 27, 30, 33, 34, 43, 45, 45, 48, 63, 63, 86, 106, 144]
uid: 1676066:
[4, 9, 12, 18, 19, 23, 36, 42, 53, 62, 77, 143]
uid: 1676068:
[5, 9, 12, 17, 20, 22, 33, 35, 42, 48, 57, 58, 60, 73]
uid: 1676069:
[27, 33, 34, 46, 79, 81]
uid: 1676070:
[1, 1, 18, 28, 32, 37]
uid: 1676071:
[15]
uid: 1676072:
[2, 3, 6, 8, 11, 21, 25, 26, 31, 32, 44, 45, 91, 105, 107, 111, 179, 189, 379]
uid: 1676073:
[2, 6, 21, 37]
uid: 1676074:
[1, 62, 77, 157, 169, 201]
uid: 1676075:
[9, 12, 21, 24, 39, 45]
uid: 1676076:
[9, 12, 13, 13, 18, 21, 35, 45, 49, 55, 65, 68, 82, 85]
uid: 1676077:
[5, 18, 27, 29, 34, 35, 36]
uid: 1676078:
[42, 58]
uid: 1676080:
[9, 10, 12, 19]
uid: 1676081:
[2, 9, 12, 23, 23, 31, 32, 38, 39, 58, 62, 64, 66]
uid: 1676082:
[2, 6, 7, 8, 9, 10, 14, 15, 16, 17, 17, 19, 20, 27, 48]
uid: 1676083:
[1, 2, 3, 4, 6, 6, 9, 10, 12, 16, 18, 19, 19, 23, 24, 32, 35, 38, 38, 38, 41, 42, 44, 47, 49, 54, 57, 59, 60, 64, 67, 69, 69, 70, 71, 75, 97, 109]
uid: 1676085:
[3, 9, 10, 18, 24, 24, 27, 48, 95, 117, 126, 164, 171, 244, 300, 302, 480]
uid: 1676086:
[1, 27, 33, 34, 37, 39, 45, 67, 83, 128, 246]
uid: 1676087:
[34, 39]
uid: 1676088:
[2, 4, 9, 11, 17, 21, 23, 26, 27, 30, 33, 37, 44, 48, 50, 56, 58, 64, 75, 102, 126]
uid: 1676089:
[1, 3, 3, 3, 7, 9, 9, 12, 19, 32, 53, 58, 99]
uid: 1676090:
[1, 7, 30]
uid: 1676091:
[9, 9, 12, 16, 26, 29, 29, 46, 54, 55, 75]
uid: 1676092:
[9, 13, 16, 18, 35, 43, 46, 56]
uid: 1676093:
[6, 9, 13, 13, 16, 17, 17, 20, 20, 23, 27, 27, 35, 36, 39, 46, 47, 47, 54, 56, 56, 58, 60, 63, 64, 64, 71, 75, 75, 101]
uid: 1676097:
[1, 9, 30, 60, 120]
uid: 1676098:
[9, 27, 31, 51, 55, 56]
uid: 1676099:
[1, 14, 20, 27, 27]
uid: 1676100:
[24, 47, 53, 84, 126, 166]
uid: 1676101:
[5, 9, 12, 16, 30]
uid: 1676102:
[27, 34, 35, 45, 82, 125, 128]
uid: 1676103:
[1, 2, 3, 14, 19, 24, 30]
uid: 1676104:
[4, 9, 12, 13, 18, 44]
uid: 1676105:
[6, 8, 9, 13, 24, 24]
uid: 1676107:
[3, 3, 9, 10, 13, 18, 20]
uid: 1676108:
[9, 9, 12, 20]
uid: 1676109:
[5, 9, 12, 17, 19, 26, 29, 34, 40, 44, 49, 54, 54, 57, 65, 66]
uid: 1676110:
[1, 1, 1, 7, 14, 19, 27, 30]
uid: 1676111:
[6, 9, 11, 12, 18, 18, 25, 26, 31, 34, 35, 51, 53, 58, 59, 80, 91, 112, 124, 126, 129, 134, 135, 136, 147, 159, 183, 189, 264, 293, 502]
uid: 1676112:
[6, 11, 30, 48, 51, 84]
uid: 1676113:
[5, 25, 29, 41, 45, 51, 52, 54, 60, 67, 95, 177]
uid: 1676114:
[14]
uid: 1676115:
[50]
uid: 1676116:
[1, 1, 14, 21, 28, 29, 30, 31]
uid: 1676117:
[2, 9, 12, 18, 24, 35]
uid: 1676118:
[9, 12, 16]
uid: 1676119:
[6, 9, 12, 19, 20, 21, 23, 29, 31, 46, 47, 50, 57, 81]
uid: 1676120:
[1, 14, 25, 27, 29, 30, 47, 47, 52, 99, 174]
uid: 1676121:
[29, 34, 41, 66, 67, 144, 164]
uid: 1676122:
[1, 19, 21, 30, 39]
uid: 1676123:
[10, 20, 23, 27, 30, 35, 55]
uid: 1676124:
[1, 1, 1, 1, 23, 26, 26, 29, 34, 35, 37, 96, 126, 132]
uid: 1676126:
[1, 2, 12, 20, 29, 36, 50, 73, 74, 109, 150, 240]
uid: 1676127:
[9, 10, 12, 19, 19, 31]
uid: 1676128:
[9, 10, 12, 19]
uid: 1676129:
[9, 9, 14, 18]
uid: 1676130:
[2, 9, 12, 18, 19]
uid: 1676131:
[9, 12, 18, 22, 24, 35]
uid: 1676132:
[5, 7, 9, 12, 12, 16, 17, 18, 19, 25, 26, 36, 36, 36, 49, 54, 54, 70, 77, 80, 85, 120]
uid: 1676136:
[50]
uid: 1676137:
[1, 1, 1, 1, 4, 5, 8, 9, 14, 21, 23, 23, 23, 28, 29, 34, 39, 39, 45, 87, 88, 103, 118]
uid: 1676139:
[1, 10, 14, 15, 20, 27, 33, 58, 60, 70, 73, 92, 94, 95, 111, 113]
uid: 1676141:
[1, 1, 9, 12, 22, 24, 26, 29, 46, 48, 56, 58, 61, 64, 67, 72, 72, 75, 76, 77, 80, 87, 89, 92, 96, 103, 105]
uid: 1676142:
[6, 9, 12, 24, 24, 35]
uid: 1676143:
[9, 14, 20, 24, 51]
uid: 1676144:
[1, 1, 1, 1, 1, 1, 9, 14, 15, 19, 30, 34, 39, 45, 48, 60, 81, 93, 125]
uid: 1676145:
[1, 9, 12, 16, 19, 26, 36, 46, 48, 52, 58, 75, 76, 179]
uid: 1676146:
[1, 13, 17, 27, 28, 37, 37, 49, 64, 67, 70]
uid: 1676147:
[1, 1, 2, 14, 15, 19, 27]
uid: 1676148:
[1, 6, 7, 9, 12, 13, 19, 19, 33, 33, 59, 59, 64, 65, 80, 113, 128]
uid: 1676149:
[9, 12, 19, 22, 22, 32, 38, 53, 70, 95, 100]
uid: 1676150:
[1, 1, 14, 18, 27, 30]
uid: 1676153:
[1, 8, 13, 27, 29, 34, 37]
uid: 1676155:
[50]
uid: 1676156:
[16, 19, 24, 25, 34, 36, 46]
uid: 1676157:
[1, 1, 4, 5, 9, 12, 13, 17, 21, 25, 25, 25, 25, 26, 30, 30, 30, 32, 34, 37, 39, 42, 45, 47, 48, 48, 55, 59, 80, 85, 86, 86]
uid: 1676158:
[23, 27]
uid: 1676159:
[1, 1, 37, 42, 58, 67, 70, 71, 96, 110, 163, 299, 541, 822]
uid: 1676160:
[34, 64, 84, 116]
uid: 1676164:
[63]
uid: 1676165:
[6, 12, 22, 33, 34, 45, 50, 53, 54, 57, 59, 64, 72, 75, 78, 85, 97, 117, 123, 128, 157]
uid: 1676166:
[150]
uid: 1676167:
[27, 28, 34, 57, 57, 121, 148, 831]
uid: 1676168:
[1, 1, 4, 4, 4, 5, 6, 8, 8, 9, 9, 12, 12, 13, 16, 19, 21, 21, 22, 24, 24, 28, 29, 29, 30, 31, 32, 33, 36, 41, 41, 41, 42, 42, 49, 50, 53, 54, 55, 57, 58, 62, 64, 77, 79, 80, 80, 83, 88, 91, 93]
uid: 1676171:
[1, 1, 3, 15, 19, 27, 37, 75]
uid: 1676172:
[1, 2, 6, 9, 11, 18, 18, 30, 58]
uid: 1676173:
[9, 16, 23, 26, 28, 30]
uid: 1676174:
[2, 7, 14, 27]
uid: 1676175:
[1, 1, 25]
uid: 1676176:
[1, 1, 5, 6, 10, 19, 19, 28, 30, 31]
uid: 1676177:
[4, 18, 18, 20, 27, 30, 122]
uid: 1676178:
[28]
uid: 1676179:
[10, 12, 24, 35, 52, 57, 92, 115, 126, 129, 146]
uid: 1676180:
[9, 12, 24, 29, 41, 49]
uid: 1676181:
[9, 14, 18, 20, 34, 41]
uid: 1676182:
[2, 9, 12, 19, 23, 35, 61, 91]
uid: 1676183:
[9, 14, 24, 31, 35, 60]
uid: 1676184:
[9, 10, 12, 16, 24, 35]
uid: 1676185:
[1, 6, 19, 74]
uid: 1676186:
[1, 4, 9, 30, 54, 122, 139, 415]
uid: 1676187:
[9, 12, 24, 32, 41]
uid: 1676188:
[9, 12, 24, 48, 66]
uid: 1676189:
[9, 30, 32, 40, 48, 59, 86]
uid: 1676190:
[9, 30, 34, 35, 42]
uid: 1676192:
[6, 10, 25, 25, 30, 44, 60]
uid: 1676193:
[3, 4, 6, 7, 9, 9, 13, 16, 17, 22, 24, 26, 26, 27, 27, 27, 29, 29, 30, 40, 41, 43, 57, 58, 61, 72, 74, 79, 87, 88, 96, 96, 102, 107, 281]
uid: 1676196:
[1, 16, 16, 93]
uid: 1676197:
[7, 8, 10, 12, 19, 27, 35, 51, 54, 66, 111]
uid: 1676201:
[1, 5, 14, 30]
uid: 1676202:
[1, 1, 14, 17, 26, 27]
uid: 1676203:
[5, 5, 7, 9, 12, 12]
uid: 1676204:
[11, 17, 25, 51, 58, 73, 95, 117, 121, 169]
uid: 1676205:
[27, 34, 34, 45, 76, 148, 171, 194, 209, 223, 1048]
uid: 1676206:
[9, 9, 12, 18, 19, 19, 29, 29, 42, 57, 62, 64, 68, 85, 114, 129, 194]
uid: 1676207:
[1, 1, 1, 1, 2, 2, 2, 5, 5, 6, 7, 7, 7, 12, 13, 14, 15, 19, 19, 21, 25, 25, 26, 30, 30, 35, 37, 41, 41, 42, 48, 53, 53, 54, 58, 58, 62, 67, 67, 73, 82, 82, 87, 87, 89, 102, 109, 117, 149, 249]
uid: 1676208:
[9, 12, 18, 24, 40, 46, 47, 54, 72, 76, 91]
uid: 1676209:
[10, 12, 18, 25, 30, 61, 214, 648]
uid: 1676210:
[1, 14, 17, 26, 27, 30, 44, 57, 77, 133, 209]
uid: 1676211:
[27, 34, 67, 67, 83, 91, 128, 156, 209, 239]
uid: 1676212:
[38]
uid: 1676214:
[37]
uid: 1676215:
[1, 1, 3, 8, 19, 24, 38, 50, 65]
uid: 1676217:
[3, 14, 31, 38]
uid: 1676218:
[9, 12, 19, 21, 22, 39, 51, 56, 58, 58, 61, 62, 66, 76]
uid: 1676219:
[1, 5, 9, 14, 14, 17, 18, 18, 23, 28, 31, 39, 41, 48, 50, 58, 59, 63, 64, 81, 106]
uid: 1676221:
[1, 1, 1, 1, 7, 7, 15, 19, 19, 20, 21, 23, 27, 33, 46, 48, 58, 59, 63, 76]
uid: 1676222:
[9, 21, 24, 44, 70, 94, 95, 105, 275]
uid: 1676224:
[1, 5, 6, 8, 12, 13, 14, 17, 21, 21, 30, 32, 41, 50, 59, 61, 84, 93, 96]
uid: 1676225:
[31, 60, 67, 74, 204, 535]
uid: 1676226:
[2, 4, 9, 11, 12, 14, 16, 17, 18, 19, 21, 23, 28, 29, 32, 36, 36, 37, 37, 38, 41, 44, 44, 44, 47, 48, 49, 53, 54, 57, 61, 64, 66, 70, 70, 71, 72, 72, 75, 76, 77, 77, 78, 79, 82, 82, 84, 84, 85, 85, 88, 89, 91, 94, 96, 96, 100, 103, 106, 107, 112, 112, 114, 115, 115, 116, 118, 120, 122, 122, 124, 128, 128, 128, 128, 133, 135, 143, 144, 159, 160, 167, 171, 174, 176, 178, 181, 186, 191, 192, 209, 215, 230, 232, 236, 241, 252, 256, 259, 266, 267, 277, 278, 297, 312, 332, 344, 378, 396, 419, 425, 427, 436, 436, 450, 492, 499, 647, 653, 655, 690, 701, 1117]
uid: 1676227:
[2, 7, 9, 9, 22, 23, 29, 33, 38, 40, 51, 56, 66, 69, 78, 83]
uid: 1676228:
[27, 34, 34, 51, 168, 192, 199, 205]
uid: 1676230:
[1, 9, 18, 28, 39, 53, 54]
uid: 1676232:
[7, 27, 28, 60, 64, 68, 110, 121]
uid: 1676233:
[19]
uid: 1676235:
[9, 12, 18, 19, 37, 43, 52, 52, 52, 61, 66, 83, 96, 103, 152]
uid: 1676236:
[1, 12, 14, 18, 38]
uid: 1676237:
[1, 1, 1, 1, 1, 9, 14, 30, 59, 60, 65, 103, 132, 201, 238, 263, 287, 319, 320, 334, 334, 347, 356, 366, 386, 419, 583, 673, 781, 1360, 2194]
uid: 1676238:
[11, 27, 33, 34, 45]
uid: 1676239:
[9, 11, 12, 24, 36, 37, 41, 44, 53, 124, 125, 136, 224, 298, 315, 336, 376, 456]
uid: 1676240:
[2, 14, 15, 30, 37, 122]
uid: 1676241:
[34, 34, 44, 45, 92]
uid: 1676242:
[1, 21, 24, 55]
uid: 1676243:
[5, 7, 15, 18, 21, 27, 50]
uid: 1676244:
[3, 110, 120, 149]
uid: 1676246:
[11, 14, 27, 33, 45, 46, 47, 47, 66, 76, 81, 100]
uid: 1676247:
[23, 27, 34, 66]
uid: 1676248:
[1, 1, 1, 1, 11, 16, 18, 25, 29, 47, 62, 98, 104, 163]
uid: 1676249:
[1, 37, 62]
uid: 1676251:
[3, 9, 11, 14, 23, 24, 31, 39, 40, 70, 176]
uid: 1676252:
[2, 10, 21, 27, 27, 30, 36, 47]
uid: 1676253:
[1, 7, 47, 50, 74, 150]
uid: 1676254:
[5, 45]
uid: 1676256:
[1, 16, 21, 30, 30, 52, 65, 83, 102]
uid: 1676257:
[2, 19, 25, 25, 49, 55, 63, 64, 75, 96, 107, 120, 121, 129, 132, 133, 147, 160, 436, 499, 597, 1088, 1255, 1982, 4636]
uid: 1676258:
[2, 4, 4, 9, 10, 14, 16, 24, 35, 37, 39, 41, 41, 65, 71, 77, 112]
uid: 1676259:
[19, 28]
uid: 1676260:
[1, 19, 60, 60]
uid: 1676261:
[1, 1, 1, 2, 6, 15, 21, 36, 68]
uid: 1676262:
[5, 13, 15, 60, 120]
uid: 1676263:
[28, 39, 41, 67, 80, 172]
uid: 1676264:
[3, 4, 5, 8, 10, 12, 12, 21, 26, 28, 52, 55, 84, 108, 115]
uid: 1676265:
[6, 26, 33, 65]
uid: 1676266:
[1, 1, 9]
uid: 1676267:
[5, 9, 12, 24]
uid: 1676268:
[5, 5, 9, 10, 10, 11, 11, 12, 13, 17, 18, 22, 24, 26, 31, 33, 34, 36, 37, 45, 49, 52, 56, 59, 59, 62, 64, 66, 68, 70, 73, 76, 81]
uid: 1676271:
[1, 5, 8, 9, 10, 12, 20, 20, 30, 30, 33, 37, 38, 47, 59, 62, 64, 64, 79, 156, 361, 460]
uid: 1676272:
[43]
uid: 1676273:
[1, 14, 14, 27]
uid: 1676274:
[2, 10, 11, 11, 13, 19, 27, 30, 37, 40, 50, 50, 137]
uid: 1676275:
[12, 71]
uid: 1676276:
[1, 1, 20, 28]
uid: 1676277:
[2, 4, 4, 5, 6, 7, 8, 8, 8, 10, 11, 12, 12, 12, 12, 12, 12, 12, 12, 14, 14, 17, 17, 19, 19, 19, 19, 19, 20, 23, 23, 24, 24, 24, 28, 28, 29, 30, 30, 31, 32, 33, 33, 34, 34, 34, 37, 37, 38, 39, 39, 41, 42, 44, 44, 44, 49, 51, 51, 52, 56, 57, 57, 60, 61, 66, 69, 70, 76, 84, 85, 143, 146, 146, 210]
uid: 1676278:
[1, 3, 7, 8, 14, 20, 42, 51, 68, 120, 171, 176, 351]
uid: 1676279:
[1, 1, 3, 10, 13, 13, 30, 44, 50, 55, 66, 73, 74, 74, 84, 88, 95, 96, 107, 111, 115, 118, 131, 146, 158, 264, 277, 283, 291, 367, 394, 441, 668, 1593, 3018]
uid: 1676280:
[1, 9, 14, 24, 29, 78, 81]
uid: 1676281:
[3, 5, 12, 29, 30, 30, 37, 41, 47, 56, 64, 70, 70, 82, 156, 228, 333]
uid: 1676283:
[27, 38]
uid: 1676284:
[1, 8, 14, 27]
uid: 1676285:
[43, 46, 49, 62, 74, 128, 155, 159, 195, 261]
uid: 1676289:
[1, 3, 4, 9, 12, 15, 16, 17, 29, 32, 51, 52, 72, 129, 130]
uid: 1676290:
[7, 7, 7, 12, 22, 27, 30]
uid: 1676291:
[1, 10, 11, 15, 20, 27, 30, 36]
uid: 1676293:
[1, 20, 34, 47, 66, 80, 232]
uid: 1676294:
[12, 34]
uid: 1676295:
[1, 1, 1, 13, 29, 34, 37, 47, 67, 86, 126, 167]
uid: 1676296:
[4, 5, 9, 12, 12, 18, 20, 24, 33, 34, 36, 48, 62, 76, 115]
uid: 1676297:
[9, 13, 18, 24, 42, 44]
uid: 1676298:
[128, 199, 334]
uid: 1676299:
[9, 9, 12, 20]
uid: 1676300:
[9, 12, 24, 25, 52, 61, 70, 81, 94]
uid: 1676301:
[23, 27]
uid: 1676303:
[1, 1, 9, 24, 26, 30, 533, 711]
uid: 1676305:
[2, 9, 9, 9, 12, 13, 14, 16, 17, 19, 20, 21, 22, 31, 37, 46, 47, 50, 52, 68, 69, 76, 76, 81, 130]
uid: 1676306:
[1, 2, 9, 9, 12, 16, 19, 20, 21, 22, 24, 29, 31, 32, 32, 34, 37, 51, 60, 62, 67, 74, 75, 83, 95, 99, 100, 107, 126]
uid: 1676307:
[4, 5, 6, 12, 12, 23]
uid: 1676308:
[28, 36, 36, 50]
uid: 1676309:
[10, 35, 55]
uid: 1676310:
[1, 5, 35, 37, 54, 100]
uid: 1676312:
[32]
uid: 1676313:
[1, 1, 1, 2, 2, 7, 10, 14, 16, 19, 25, 26, 26, 27, 32, 46, 60, 74, 93, 94, 95, 108, 197, 390]
uid: 1676315:
[27, 33, 34, 55, 92, 128, 173, 209, 214]
uid: 1676316:
[1, 9, 12, 14, 17, 24, 26, 27, 28, 30, 35, 43, 46, 48, 49, 51, 52, 59, 59, 68, 69]
uid: 1676317:
[28, 29]
uid: 1676318:
[5, 9, 153]
uid: 1676319:
[1, 3, 21, 28, 36, 84, 96, 101, 116, 152]
uid: 1676321:
[1, 3, 4, 11, 13, 15, 19, 28, 30, 31, 31, 35, 37, 42]
uid: 1676322:
[2, 19, 29]
uid: 1676323:
[1, 35, 48, 59, 65, 67, 87, 215]
uid: 1676325:
[1, 22, 34, 43, 99]
uid: 1676327:
[1, 3, 4, 5, 9, 11, 13, 13, 18, 18, 23, 23, 25, 30, 32, 34, 41, 47]
uid: 1676328:
[9, 16, 24, 27, 30, 91, 208, 215, 221]
uid: 1676329:
[3, 9, 24, 26, 30, 40, 46, 53, 59, 60, 76, 76, 76, 90, 98, 102, 102, 125]
uid: 1676330:
[20, 30]
uid: 1676331:
[5, 18, 24, 27, 30, 31, 36, 40, 41, 46, 48, 57, 66]
uid: 1676332:
[1, 1, 1, 5, 9, 11, 14, 23, 27, 35]
uid: 1676334:
[10, 30, 52, 59, 60, 70, 70, 75, 79, 87, 92, 93]
uid: 1676335:
[52, 83, 88]
uid: 1676336:
[1, 16, 33]
uid: 1676337:
[1, 8, 14, 27]
uid: 1676339:
[1, 38, 45, 50, 53, 68, 73, 74, 90, 93, 116, 133, 133, 164, 167, 172, 337]
uid: 1676340:
[3, 16, 18, 32, 47, 53, 58, 58, 60, 69, 90, 198, 422]
uid: 1676341:
[1, 7, 13, 19, 27, 33, 34, 34, 35, 71, 77, 79, 121]
uid: 1676342:
[1, 1, 1, 1, 1, 12, 19, 25, 25, 26, 50, 67, 75, 82, 98, 126]
uid: 1676343:
[89, 95, 116]
uid: 1676347:
[2, 9, 15, 16, 28, 30]
uid: 1676348:
[27, 33, 34, 41]
uid: 1676349:
[6, 9, 14, 18]
uid: 1676350:
[9, 10, 12, 19]
uid: 1676351:
[1, 55, 245]
uid: 1676352:
[12, 50, 70, 75, 120]
uid: 1676354:
[3, 6, 6, 7, 12, 15, 16, 17, 36, 50, 55, 57, 58, 74, 75, 123, 128]
uid: 1676355:
[10, 19, 60]
uid: 1676357:
[16, 34, 38]
uid: 1676359:
[25]
uid: 1676362:
[40, 55, 168]
uid: 1676365:
[55, 157, 167]
uid: 1676366:
[1, 14, 16, 20, 27, 31, 43, 57, 59, 70, 74, 94, 96]
uid: 1676367:
[1, 1, 1, 1, 2, 9, 10, 11, 12, 14, 15, 15, 23, 24, 30, 33, 39, 48, 51, 51, 59, 68, 97, 99, 157]
uid: 1676368:
[5, 5, 9, 9, 18, 19, 30, 32, 54, 69, 72, 128]
uid: 1676369:
[9, 12, 13, 13, 16, 16, 19, 19, 24, 34, 46, 48, 58, 65, 66, 127]
uid: 1676370:
[3, 27, 34, 36]
uid: 1676371:
[4, 12, 15, 19]
uid: 1676373:
[3, 8, 9, 12, 18]
uid: 1676374:
[3, 8, 12, 16, 17, 18, 26]
uid: 1676375:
[3, 8, 9, 30]
uid: 1676376:
[5, 6, 9, 9, 11, 12, 13, 16, 24, 25, 26, 26, 36, 46, 46, 48, 49, 56, 58, 60, 67, 70, 71, 75, 75, 75, 77, 79, 85, 85, 90, 90, 96, 102]
uid: 1676379:
[9, 10, 12, 19]
uid: 1676380:
[4, 9, 12, 16, 19, 29]
uid: 1676381:
[11, 17, 21, 23]
uid: 1676383:
[9, 12, 18, 20, 20, 24, 26, 29, 46, 47, 52, 116]
uid: 1676384:
[9, 12, 22, 24, 26, 28, 38, 46, 51, 56, 57, 58, 58, 75, 213, 249]
uid: 1676386:
[1, 2, 54]
uid: 1676388:
[9, 11, 12, 16, 19, 29, 32, 46, 76]
uid: 1676389:
[9, 11, 30]
uid: 1676391:
[6, 7, 8, 12, 16, 17, 26, 46, 62]
uid: 1676392:
[5, 8, 10, 12, 28]
uid: 1676394:
[200]
uid: 1676396:
[9, 9, 14, 18]
uid: 1676397:
[6, 7, 7, 30]
uid: 1676398:
[9, 12, 16, 19, 26, 35, 46]
uid: 1676405:
[1, 2, 5, 14, 18, 22, 24, 35, 57]
uid: 1676406:
[1, 1, 9, 13, 14, 19, 33, 35]
uid: 1676408:
[1, 22, 27]
uid: 1676409:
[1, 27, 34, 34, 45, 72, 128, 156, 208, 217]
uid: 1676410:
[9, 12, 24, 24, 52, 79, 87, 123]
uid: 1676411:
[9, 12, 24, 24, 48]
uid: 1676412:
[27, 33, 74, 171, 258, 268]
uid: 1676413:
[9, 12, 24, 24, 48, 104, 184, 201, 202]
uid: 1676414:
[10, 54, 54, 58, 59, 67, 67, 73, 79, 91, 145, 156, 175, 563]
uid: 1676415:
[9, 12, 26, 30, 48, 75]
uid: 1676416:
[5, 9, 13, 19, 20, 30, 31, 62]
uid: 1676417:
[9, 12, 24, 24, 24, 26, 34, 46, 48, 52, 52, 73, 111]
uid: 1676418:
[9, 13, 24, 48, 52, 104]
uid: 1676419:
[1, 5, 11, 11, 27, 43]
uid: 1676420:
[38]
uid: 1676422:
[32, 68]
uid: 1676424:
[30, 34, 42, 47, 57, 90]
uid: 1676425:
[1, 6, 8, 8, 12, 17, 19, 24, 27]
uid: 1676427:
[27, 31, 34, 34, 44, 73]
uid: 1676429:
[1, 1, 9, 12, 14, 16, 24, 27, 33, 56, 57, 58, 60, 60, 64, 72, 72, 75, 76, 77, 90, 94]
uid: 1676430:
[9, 12, 19, 19, 27, 32, 50, 51, 81]
